name CI
internalname Courier-Oblique
slant 12
spacewidth 600
encoding text.enc
charset
ha	600,624,0,37,-123,37	2	0000	asciicircum
ti	600,373,0,42,-77,42	0	0001	asciitilde
vS	600,774,35,72,-26,72	2	0002	Scaron
vZ	600,774,20,71,-37,71	2	0003	Zcaron
vs	600,645,35,43,-37,43	2	0004	scaron
vz	600,645,20,43,-49,43	2	0005	zcaron
:Y	600,721,20,134,-79,74	2	0006	Ydieresis
space	600	0	0040
!	600,639,5,0,-207	2	0041	exclam
"	600,603,0,44,-181,44	2	0042	quotedbl
#	600,665,82,58,-66,58	2	0043	numbersign
sh	"
$	600,675,113,51,-61,51	3	0044	dollar
Do	"
%	600,639,35,61,-68,61	2	0045	percent
&	600,540,35,0,-62	2	0046	ampersand
'	600,613,0,0,-158	2	0047	quoteright
(	600,623,144,52,-265,52	3	0050	parenleft
)	600,623,144,0,-55	3	0051	parenright
*	600,624,0,55,-141,55	2	0052	asterisk
+	600,550,0,58,-62,58	2	0053	plus
,	600,155,155,0,-61	1	0054	comma
-	600,321,0,58,-62,58	0	0055	hyphen
hy	"
char173	"
.	600,90,0,0,-211	0	0056	period
/	600,686,103,94,-30,74	3	0057	slash
sl	"
0	600,639,35,40,-89,40	2	0060	zero
1	600,624,20,0,-47	2	0061	one
2	600,639,20,46,-18,46	2	0062	two
3	600,639,35,49,-40,49	2	0063	three
4	600,624,20,10,-75,10	2	0064	four
5	600,624,35,52,-43,52	2	0065	five
6	600,639,35,104,-117,74	2	0066	six
7	600,624,20,72,-146,72	2	0067	seven
8	600,639,35,45,-74,45	2	0070	eight
9	600,639,35,56,-70,56	2	0071	nine
:	600,392,0,0,-211	0	0072	colon
;	600,392,116,0,-73	1	0073	semicolon
<	600,550,0,106,-62,74	2	0074	less
=	600,394,0,94,-25,74	0	0075	equal
>	600,550,0,58,-13,58	2	0076	greater
?	600,598,5,47,-161,47	2	0077	question
@	600,644,82,30,-70,30	2	0100	at
at	"
A	600,583,20,65,57,65	2	0101	A
B	600,583,20,60,23,60	2	0102	B
C	600,598,35,105,-41,74	2	0103	C
D	600,583,20,60,23,60	2	0104	D
E	600,583,20,84,23,74	2	0105	E
F	600,583,20,105,23,74	2	0106	F
G	600,598,35,105,-39,74	2	0107	G
H	600,583,20,115,13,74	2	0110	H
I	600,583,20,72,-47,72	2	0111	I
J	600,583,35,168,-32,74	2	0112	J
K	600,583,20,136,23,74	2	0113	K
L	600,583,20,55,3,55	2	0114	L
M	600,583,20,168,55,74	2	0115	M
N	600,583,20,147,23,74	2	0116	N
O	600,598,35,86,-34,74	2	0117	O
P	600,583,20,56,23,56	2	0120	P
Q	600,598,136,86,-34,74	3	0121	Q
R	600,583,20,63,23,63	2	0122	R
S	600,598,35,72,-26,72	2	0123	S
T	600,583,20,113,-79,74	2	0124	T
U	600,583,35,145,-69,74	2	0125	U
V	600,583,20,176,-54,74	2	0126	V
W	600,583,20,165,-53,74	2	0127	W
X	600,583,20,134,26,74	2	0130	X
Y	600,583,20,134,-79,74	2	0131	Y
Z	600,583,20,61,-37,61	2	0132	Z
[	600,624,144,39,-188,39	3	0133	bracketleft
lB	"
\	600,686,103,0,-180	3	0134	backslash
rs	"
]	600,624,144,0,-63	3	0135	bracketright
rB	"
a^	600,624,0,19,-189,19	2	0136	circumflex
^	"
_	600,0,290,29,135,29	1	0137	underscore
`	600,613,0,0,-332	2	0140	quoteleft
oq	"
a	600,452,35,15,-24,15	0	0141	a
b	600,624,35,60,44,60	2	0142	b
c	600,452,35,64,-54,64	0	0143	c
d	600,624,35,93,-33,74	2	0144	d
e	600,452,35,40,-35,40	0	0145	e
f	600,624,20,132,-39,74	2	0146	f
g	600,452,207,116,-35,74	1	0147	g
h	600,624,20,25,13,25	2	0150	h
i	600,665,20,0,-26	2	0151	i
j	600,665,207,12,-42,12	3	0152	j
k	600,624,20,53,3,53	2	0153	k
l	600,624,20,0,-26	2	0154	l
m	600,452,20,71,55,71	0	0155	m
n	600,452,20,15,13,15	0	0156	n
o	600,452,35,47,-41,47	0	0157	o
p	600,452,207,62,83,62	1	0160	p
q	600,452,207,137,-35,74	1	0161	q
r	600,448,20,89,-18,74	0	0162	r
s	600,452,35,30,-37,30	0	0163	s
t	600,582,35,0,-57	2	0164	t
u	600,437,35,32,-57,32	0	0165	u
v	600,437,20,124,-44,74	0	0166	v
w	600,437,20,124,-44,74	0	0167	w
x	600,437,20,82,15,74	0	0170	x
y	600,437,207,103,54,74	1	0171	y
z	600,437,20,32,-49,32	0	0172	z
lC	600,624,144,0,-178	3	0173	braceleft
{	"
ba	600,624,144,0,-188	3	0174	bar
|	"
rC	600,624,144,0,-105	3	0175	braceright
}	"
a~	600,580,0,36,-181,36	2	0176	tilde
~	"
---	600,144,165,0,-58	1	0200	quotesinglbase
Fo	600,437,20,95,-37,74	0	0201	guillemotleft
char171	"
Fc	600,437,20,55,3,55	0	0202	guillemotright
char187	"
bu	600,346,0,0,-275	0	0203	bullet
---	600,639,113,113,-4,74	3	0204	florin
f/	600,492,0,115,-15,74	0	0205	fraction
dg	600,624,82,30,-138,30	2	0207	dagger
dd	600,624,82,30,-85,30	2	0210	daggerdbl
en	600,321,0,58,-62,58	0	0211	endash
em	600,321,0,129,9,74	0	0212	emdash
.i	600,437,20,0,-26	0	0220	dotlessi
ga	600,639,0,0,-212	2	0222	grave
a"	600,639,0,42,-189,42	2	0223	hungarumlaut
a.	600,571,0,0,-323	2	0224	dotaccent
ab	600,624,0,39,-208,39	2	0225	breve
ah	600,624,0,39,-209,39	2	0226	caron
ao	600,634,0,0,-247	2	0227	ring
ho	600,40,165,0,-194	1	0230	ogonek
---	600,619,0,38,-166,38	2	0231	quotedblleft
---	600,619,0,80,-124,74	2	0232	quotedblright
/l	600,624,20,0,-26	2	0234	lslash
---	600,139,139,0,-22	1	0235	quotedblbase
/L	600,583,20,55,3,55	2	0237	Lslash
r!	600,415,207,0,-159	1	0241	exclamdown
char161	"
ct	600,665,19,33,-106,33	2	0242	cent
char162	"
Po	600,598,20,10,-18,10	2	0243	sterling
char163	"
Cs	600,509,0,67,-57,67	2	0244	currency
char164	"
Ye	600,583,20,134,-87,74	2	0245	yen
char165	"
sc	600,629,87,87,-28,74	3	0247	section
char167	"
ad	600,571,0,7,-219,7	2	0250	dieresis
char168	"
Of	600,598,0,0,-124	2	0252	ordfeminine
char170	"
fo	600,437,20,0,-37	0	0253	guilsinglleft
a-	600,556,0,25,-195,25	2	0257	macron
char175	"
aa	600,639,0,42,-314,42	2	0264	acute
char180	"
ps	600,629,87,120,-82,74	3	0266	paragraph
char182	"
char183	600,346,0,0,-265	0	0267	periodcentered
ac	600,40,186,0,-113	1	0270	cedilla
char184	"
Om	600,598,0,13,-128,13	2	0272	ordmasculine
char186	"
fc	600,437,20,55,-227,55	0	0273	guilsinglright
r?	600,415,207,0,-35	1	0277	questiondown
char191	"
`A	600,789,20,65,57,65	2	0300	Agrave
char192	"
'A	600,789,20,65,57,65	2	0301	Aacute
char193	"
^A	600,774,20,65,57,65	2	0302	Acircumflex
char194	"
~A	600,730,20,65,57,65	2	0303	Atilde
char195	"
:A	600,721,20,65,57,65	2	0304	Adieresis
char196	"
oA	600,795,20,65,57,65	2	0305	Aring
char197	"
,C	600,598,186,105,-41,74	3	0307	Ccedilla
char199	"
`E	600,789,20,84,23,74	2	0310	Egrave
char200	"
'E	600,789,20,84,23,74	2	0311	Eacute
char201	"
^E	600,774,20,84,23,74	2	0312	Ecircumflex
char202	"
:E	600,721,20,84,23,74	2	0313	Edieresis
char203	"
`I	600,789,20,72,-47,72	2	0314	Igrave
char204	"
'I	600,789,20,72,-47,72	2	0315	Iacute
char205	"
^I	600,774,20,72,-47,72	2	0316	Icircumflex
char206	"
:I	600,721,20,72,-47,72	2	0317	Idieresis
char207	"
~N	600,730,20,147,23,74	2	0321	Ntilde
char209	"
`O	600,789,35,86,-34,74	2	0322	Ograve
char210	"
'O	600,789,35,86,-34,74	2	0323	Oacute
char211	"
^O	600,774,35,86,-34,74	2	0324	Ocircumflex
char212	"
~O	600,730,35,86,-34,74	2	0325	Otilde
char213	"
:O	600,721,35,86,-34,74	2	0326	Odieresis
char214	"
/O	600,623,61,154,34,74	2	0330	Oslash
char216	"
`U	600,789,35,145,-69,74	2	0331	Ugrave
char217	"
'U	600,789,35,145,-69,74	2	0332	Uacute
char218	"
^U	600,774,35,145,-69,74	2	0333	Ucircumflex
char219	"
:U	600,721,35,145,-69,74	2	0334	Udieresis
char220	"
ss	600,624,35,8,23,8	2	0337	germandbls
char223	"
`a	600,660,35,15,-24,15	2	0340	agrave
char224	"
'a	600,660,35,15,-24,15	2	0341	aacute
char225	"
^a	600,653,35,25,-24,25	2	0342	acircumflex
char226	"
~a	600,618,35,44,-24,44	2	0343	atilde
char227	"
:a	600,592,35,15,-24,15	2	0344	adieresis
char228	"
oa	600,686,35,15,-24,15	2	0345	aring
char229	"
,c	600,452,186,64,-54,64	1	0347	ccedilla
char231	"
`e	600,664,35,40,-35,40	2	0350	egrave
char232	"
'e	600,664,35,40,-35,40	2	0351	eacute
char233	"
^e	600,653,35,40,-35,40	2	0352	ecircumflex
char234	"
:e	600,592,35,40,-35,40	2	0353	edieresis
char235	"
`i	600,656,20,0,-26	2	0354	igrave
char236	"
'i	600,660,20,0,-26	2	0355	iacute
char237	"
^i	600,634,20,0,-26	2	0356	icircumflex
char238	"
:i	600,592,20,0,-26	2	0357	idieresis
char239	"
~n	600,618,20,19,13,19	2	0361	ntilde
char241	"
`o	600,649,35,47,-41,47	2	0362	ograve
char242	"
'o	600,649,35,47,-41,47	2	0363	oacute
char243	"
^o	600,653,35,47,-41,47	2	0364	ocircumflex
char244	"
~o	600,597,35,47,-41,47	2	0365	otilde
char245	"
:o	600,592,35,47,-41,47	2	0366	odieresis
char246	"
/o	600,478,61,106,21,74	0	0370	oslash
char248	"
`u	600,656,35,32,-57,32	2	0371	ugrave
char249	"
'u	600,656,35,32,-57,32	2	0372	uacute
char250	"
^u	600,634,35,32,-57,32	2	0373	ucircumflex
char251	"
:u	600,592,35,32,-57,32	2	0374	udieresis
char252	"
:y	600,571,207,103,54,74	3	0377	ydieresis
char255	"
