# Font /usr/lib/vfont/gacham.i.10, max width 17, max height 25
name gi
spacewidth 58
# char	width	u/d	octal
charset
\|	  58	 0	00
\^	   0	 0	00
O+	  58	 3	021
co	  58	 3	022
rg	  58	 3	023
ct	  58	 3	024
fm	  58	 3	025
dg	  58	 3	026
34	  58	 3	030
12	  58	 3	031
14	  58	 3	032
sq	  58	 3	035
!	  58	 3	041
"	  58	 3	042
#	  58	 3	043
$	  58	 3	044
%	  58	 3	045
&	  58	 3	046
'	  61	 3	047
(	  58	 3	050
)	  58	 3	051
*	  58	 3	052
+	  58	 3	053
,	  58	 3	054
-	  58	 3	055
hy	"
.	  58	 3	056
/	  58	 3	057
0	  58	 3	060
1	  58	 3	061
2	  58	 3	062
3	  58	 3	063
4	  58	 3	064
5	  58	 3	065
6	  58	 3	066
7	  58	 3	067
8	  58	 3	070
9	  58	 3	071
:	  58	 3	072
;	  58	 3	073
<	  58	 3	074
=	  58	 3	075
>	  58	 3	076
?	  58	 3	077
@	  58	 3	0100
A	  58	 3	0101
B	  58	 3	0102
C	  58	 3	0103
D	  58	 3	0104
E	  58	 3	0105
F	  58	 3	0106
G	  58	 3	0107
H	  58	 3	0110
I	  58	 3	0111
J	  58	 3	0112
K	  58	 3	0113
L	  58	 3	0114
M	  58	 3	0115
N	  58	 3	0116
O	  58	 3	0117
P	  58	 3	0120
Q	  58	 3	0121
R	  58	 3	0122
S	  58	 3	0123
T	  58	 3	0124
U	  58	 3	0125
V	  58	 3	0126
W	  58	 3	0127
X	  58	 3	0130
Y	  58	 3	0131
Z	  58	 3	0132
[	  58	 3	0133
\	  58	 3	0134
]	  58	 3	0135
^	  58	 3	0136
_	  58	 3	0137
\_	"
ru	"
ul	"
`	  58	 3	0140
a	  58	 3	0141
b	  58	 3	0142
c	  58	 3	0143
d	  58	 3	0144
e	  58	 3	0145
f	  58	 3	0146
g	  58	 3	0147
h	  58	 3	0150
i	  58	 3	0151
j	  58	 3	0152
k	  58	 3	0153
l	  58	 3	0154
m	  58	 3	0155
n	  58	 3	0156
o	  58	 3	0157
p	  58	 3	0160
q	  58	 3	0161
r	  58	 3	0162
s	  58	 3	0163
t	  58	 3	0164
u	  58	 3	0165
v	  58	 3	0166
w	  58	 3	0167
x	  58	 3	0170
y	  58	 3	0171
z	  58	 3	0172
{	  58	 3	0173
|	  58	 3	0174
bv	"
}	  58	 3	0175
~	  58	 3	0176
