# Font /usr/lib/vfont/B.36, max width 64, max height 40
name B
ligatures ff fl fi ffl ffi 0
# char	width	u/d	octal
charset
\|	  17	 0	00
\^	   8	 0	00
fi	  69	 2	01
fl	  69	 2	02
ff	  72	 2	03
\-	  75	 0	04
ru	  57	 0	05
em	  88	 0	06
bu	  25	 0	07
sq	  25	 0	010
Fi	  96	 2	011
Fl	  96	 2	012
de	  44	 2	013
dg	  50	 3	014
fm	  25	 2	015
co	  61	 2	016
rg	  61	 2	017
ct	  61	 2	020
14	  68	 3	021
12	  68	 3	022
34	  68	 3	023
!	  31	 2	041
"	  50	 2	042
#	  66	 3	043
$	  63	 2	044
%	  75	 2	045
&	  78	 2	046
'	  31	 2	047
(	  44	 3	050
)	  44	 3	051
*	  53	 2	052
+	  78	 2	053
,	  31	 0	054
-	  45	 0	055
hy	"
.	  31	 0	056
/	  69	 2	057
0	  63	 2	060
1	  63	 2	061
2	  63	 2	062
3	  63	 2	063
4	  63	 2	064
5	  63	 2	065
6	  63	 2	066
7	  63	 2	067
8	  63	 2	070
9	  63	 2	071
:	  31	 0	072
;	  31	 0	073
<	  75	 2	074
=	  78	 0	075
>	  75	 2	076
?	  56	 2	077
@	  85	 2	0100
A	  66	 2	0101
B	  73	 2	0102
C	  70	 2	0103
D	  73	 2	0104
E	  70	 2	0105
F	  66	 2	0106
G	  76	 2	0107
H	  79	 2	0110
I	  36	 2	0111
J	  50	 2	0112
K	  73	 2	0113
L	  60	 2	0114
M	  83	 2	0115
N	  76	 2	0116
O	  73	 2	0117
P	  73	 2	0120
Q	  73	 2	0121
R	  73	 2	0122
S	  66	 2	0123
T	  63	 2	0124
U	  79	 2	0125
V	  66	 2	0126
W	  79	 2	0127
X	  66	 2	0130
Y	  70	 2	0131
Z	  66	 2	0132
[	  44	 3	0133
\	  55	 2	0134
]	  44	 3	0135
^	  69	 0	0136
_	  78	 0	0137
\_	"
`	  31	 2	0140
a	  63	 0	0141
b	  66	 2	0142
c	  60	 0	0143
d	  66	 2	0144
e	  60	 0	0145
f	  41	 2	0146
g	  60	 1	0147
h	  69	 2	0150
i	  34	 2	0151
j	  34	 3	0152
k	  66	 2	0153
l	  34	 2	0154
m	  96	 0	0155
n	  69	 0	0156
o	  63	 0	0157
p	  66	 1	0160
q	  63	 1	0161
r	  53	 0	0162
s	  53	 0	0163
t	  47	 2	0164
u	  69	 0	0165
v	  56	 0	0166
w	  75	 0	0167
x	  63	 0	0170
y	  60	 1	0171
z	  56	 0	0172
{	  44	 3	0173
|	  25	 3	0174
}	  44	 3	0175
~	  75	 0	0176
