# Font /usr/lib/vfont/bocklin.14, max width 38, max height 36
name bk
# char	width	u/d	octal
charset
\|	  17	 0	00
\^	   8	 0	00
"	  39	 3	042
'	  23	 3	047
(	  49	 3	050
)	  49	 3	051
,	  36	 3	054
-	  39	 3	055
hy	"
\-	"
.	  36	 3	056
/	  41	 3	057
0	  49	 3	060
1	  33	 3	061
2	  57	 3	062
3	  57	 3	063
4	  59	 3	064
5	  54	 3	065
6	  57	 3	066
7	  57	 3	067
8	  57	 3	070
9	  59	 3	071
:	  39	 3	072
;	  39	 3	073
=	  49	 3	075
?	  54	 3	077
A	  67	 3	0101
B	  64	 3	0102
C	  62	 3	0103
D	  67	 3	0104
E	  59	 3	0105
F	  59	 3	0106
G	  67	 3	0107
H	  67	 3	0110
I	  39	 3	0111
J	  51	 3	0112
K	  69	 3	0113
L	  62	 3	0114
M	  98	 3	0115
N	  75	 3	0116
O	  59	 3	0117
P	  62	 3	0120
Q	  59	 3	0121
R	  77	 3	0122
S	  59	 3	0123
T	  69	 3	0124
U	  67	 3	0125
V	  72	 3	0126
W	  98	 3	0127
X	  72	 3	0130
Y	  72	 3	0131
Z	  69	 3	0132
[	  39	 3	0133
]	  39	 3	0135
`	  23	 3	0140
a	  51	 3	0141
b	  54	 3	0142
c	  46	 3	0143
d	  54	 3	0144
e	  51	 3	0145
f	  31	 3	0146
g	  51	 3	0147
h	  54	 3	0150
i	  23	 3	0151
j	  31	 3	0152
k	  62	 3	0153
l	  23	 3	0154
m	  80	 3	0155
n	  51	 3	0156
o	  51	 3	0157
p	  51	 3	0160
q	  51	 3	0161
r	  39	 3	0162
s	  51	 3	0163
t	  31	 3	0164
u	  51	 3	0165
v	  57	 3	0166
w	  69	 3	0167
x	  51	 3	0170
y	  54	 3	0171
z	  51	 3	0172
