# Font /usr/lib/vfont/nonie.r.12, max width 33, max height 35
name nr
# char	width	u/d	octal
charset
\|	  17	 0	01
\^	   8	 0	01
<-	  57	 3	030
!	  24	 3	041
"	  45	 3	042
#	  72	 3	043
$	  66	 3	044
%	  78	 3	045
&	  75	 3	046
'	  24	 3	047
(	  48	 3	050
)	  48	 3	051
*	  48	 3	052
+	  60	 3	053
,	  27	 3	054
-	  48	 3	055
hy	"
\-	"
.	  27	 3	056
/	  54	 3	057
0	  60	 3	060
1	  60	 3	061
2	  60	 3	062
3	  60	 3	063
4	  60	 3	064
5	  60	 3	065
6	  60	 3	066
7	  60	 3	067
8	  60	 3	070
9	  60	 3	071
:	  27	 3	072
;	  27	 3	073
<	  57	 3	074
=	  51	 3	075
>	  57	 3	076
?	  60	 3	077
@	  69	 3	0100
A	  66	 3	0101
B	  63	 3	0102
C	  66	 3	0103
D	  66	 3	0104
E	  60	 3	0105
F	  57	 3	0106
G	  69	 3	0107
H	  63	 3	0110
I	  24	 3	0111
J	  48	 3	0112
K	  63	 3	0113
L	  51	 3	0114
M	  87	 3	0115
N	  63	 3	0116
O	  66	 3	0117
P	  57	 3	0120
Q	  66	 3	0121
R	  60	 3	0122
S	  60	 3	0123
T	  54	 3	0124
U	  63	 3	0125
V	  63	 3	0126
W	  99	 3	0127
X	  63	 3	0130
Y	  60	 3	0131
Z	  57	 3	0132
[	  51	 3	0133
\	  60	 3	0134
]	  51	 3	0135
^	  51	 3	0136
_	  66	 3	0137
\_	"
ru	"
a	  51	 3	0141
b	  51	 3	0142
c	  51	 3	0143
d	  51	 3	0144
e	  54	 3	0145
f	  39	 3	0146
g	  51	 3	0147
h	  48	 3	0150
i	  24	 3	0151
j	  30	 3	0152
k	  54	 3	0153
l	  24	 3	0154
m	  72	 3	0155
n	  48	 3	0156
o	  57	 3	0157
p	  51	 3	0160
q	  51	 3	0161
r	  39	 3	0162
s	  48	 3	0163
t	  36	 3	0164
u	  48	 3	0165
v	  57	 3	0166
w	  87	 3	0167
x	  57	 3	0170
y	  57	 3	0171
z	  48	 3	0172
{	  54	 3	0173
|	  24	 3	0174
}	  54	 3	0175
~	  72	 3	0176
