# Font /usr/lib/vfont/S.36, max width 96, max height 96
name S
internalname 9
special
# char	width	u/d	octal
charset
\|	  17	 0	00
\^	   8	 0	00
if	  76	 0	01
ip	  73	 0	02
pt	  76	 0	03
rh	 105	 0	04
cu	  73	 0	05
rn	  46	 2	06
bs	   0	 3	07
+-	  73	 0	010
<=	  73	 0	011
>=	  73	 0	012
sr	 101	 2	013
ts	  55	 0	014
is	  73	 3	015
sl	  86	 2	016
bv	  14	 3	017
lf	  22	 3	020
rf	  14	 3	021
lc	  22	 2	022
rc	  14	 3	023
lt	  25	 3	024
lb	  25	 3	025
rt	  14	 3	026
rb	  14	 3	027
lk	  14	 3	030
rk	  25	 3	031
sb	  73	 0	032
sp	  73	 0	033
ca	  73	 0	034
no	  80	 0	035
lh	 105	 0	036
mo	  73	 0	037
"	  49	 2	042
#	  65	 3	043
aa	  37	 2	047
gr	  62	 2	050
mu	  68	 0	052
pl	  76	 0	053
mi	  76	 0	055
di	  80	 0	057
==	  80	 0	060
~=	  73	 0	061
ap	  73	 0	062
!=	  80	 0	063
<-	  80	 0	064
->	  80	 0	065
ua	  49	 0	066
da	  49	 0	067
sc	  49	 3	070
**	  52	 0	071
<	  73	 0	074
eq	  76	 0	075
>	  73	 0	076
@	  83	 2	0100
*A	  65	 2	0101
*B	  72	 2	0102
*G	  58	 2	0103
*D	  65	 2	0104
*E	  68	 2	0105
*Z	  65	 2	0106
*Y	  78	 2	0107
*H	  72	 2	0110
*I	  36	 2	0111
*K	  72	 2	0112
*L	  65	 2	0113
*M	  81	 2	0114
*N	  75	 2	0115
*C	  72	 2	0116
*O	  72	 2	0117
*P	  78	 2	0120
*R	  72	 2	0121
*S	  68	 2	0122
*T	  62	 2	0123
*U	  62	 2	0124
*F	  68	 2	0125
*X	  65	 2	0126
*Q	  75	 2	0127
*W	  72	 2	0130
dd	  49	 3	0131
br	   0	 2	0132
ib	  73	 0	0133
\	  86	 2	0134
ci	  68	 2	0135
^	  68	 0	0136
ul	  76	 0	0137
ga	  37	 2	0140
*a	  72	 0	0141
*b	  65	 3	0142
*g	  62	 1	0143
*d	  58	 2	0144
*e	  55	 0	0145
*z	  55	 3	0146
*y	  68	 1	0147
*h	  72	 2	0150
*i	  37	 0	0151
*k	  62	 0	0152
*l	  62	 2	0153
*m	  72	 1	0154
*n	  62	 0	0155
*c	  52	 3	0156
*o	  55	 0	0157
*p	  68	 0	0160
*r	  58	 1	0161
*s	  65	 0	0162
*t	  62	 0	0163
*u	  62	 0	0164
es	  68	 1	0165
*x	  55	 1	0166
*q	  72	 3	0167
*w	  72	 0	0170
pd	  58	 2	0171
*f	  68	 3	0172
{	  44	 3	0173
|	  25	 3	0174
}	  44	 3	0175
~	  75	 0	0176
