# Font /usr/lib/vfont/apl.10, max width 27, max height 25
name ap
# char	width	u/d	octal
charset
\|	  17	 0	04
\^	   8	 0	04
da	  25	 3	01
*a	  25	 3	02
*b	  29	 3	03
no	  25	 3	05
mo	  50	 3	06
*p	  50	 3	07
*l	  43	 3	010
if	  61	 3	016
pd	  50	 3	017
sb	  68	 3	020
sp	  68	 3	021
ca	  50	 3	022
cu	  50	 3	023
fa	  50	 3	024
te	  50	 3	025
OX	  47	 3	026
<>	  47	 3	027
<-	  65	 3	030
->	  68	 3	031
!=	  61	 3	032
ap	  61	 3	033
<=	  61	 3	034
>=	  61	 3	035
==	  43	 3	036
or	  50	 3	037
!	  29	 3	041
"	  29	 3	042
#	  25	 3	043
$	  43	 3	044
%	  43	 3	045
&	  36	 3	046
'	  43	 3	047
(	  61	 3	050
)	  65	 3	051
*	  43	 3	052
+	  47	 3	053
,	  22	 3	054
-	  47	 3	055
hy	"
\-	"
.	  22	 3	056
/	  47	 3	057
0	  50	 3	060
1	  50	 3	061
2	  50	 3	062
3	  50	 3	063
4	  50	 3	064
5	  50	 3	065
6	  50	 3	066
7	  50	 3	067
8	  50	 3	070
9	  50	 3	071
:	  43	 3	072
;	  58	 3	073
<	  47	 3	074
=	  50	 3	075
>	  58	 3	076
?	  47	 3	077
@	  65	 3	0100
A	  76	 3	0101
B	  43	 3	0102
C	  50	 3	0103
D	  29	 3	0104
E	  40	 3	0105
F	  43	 3	0106
G	  50	 3	0107
H	  50	 3	0110
I	  36	 3	0111
J	  25	 3	0112
K	  22	 3	0113
L	  61	 3	0114
M	  18	 3	0115
N	  43	 3	0116
O	  50	 3	0117
P	  43	 3	0120
Q	  40	 3	0121
R	  43	 3	0122
S	  29	 3	0123
T	  68	 3	0124
U	  47	 3	0125
V	  50	 3	0126
X	  61	 3	0130
Y	  47	 3	0131
Z	  61	 3	0132
[	  40	 3	0133
]	  40	 3	0135
_	  47	 3	0137
\_	"
`	  65	 3	0140
a	  65	 3	0141
b	  68	 3	0142
c	  61	 3	0143
d	  72	 3	0144
e	  68	 3	0145
f	  72	 3	0146
g	  68	 3	0147
h	  86	 3	0150
i	  47	 3	0151
j	  58	 3	0152
k	  79	 3	0153
l	  61	 3	0154
m	  94	 3	0155
n	  76	 3	0156
o	  65	 3	0157
p	  72	 3	0160
q	  65	 3	0161
r	  68	 3	0162
s	  58	 3	0163
t	  65	 3	0164
u	  72	 3	0165
v	  72	 3	0166
w	  97	 3	0167
x	  76	 3	0170
y	  72	 3	0171
z	  68	 3	0172
{	  61	 3	0173
|	  61	 3	0174
}	  76	 3	0175
??	  36	 3	0177
