# Font /usr/lib/vfont/basker.b.12, max width 30, max height 30
name bb
ligatures ff fl fi ffl ffi 0
# char	width	u/d	octal
charset
\|	  17	 0	00
\^	   8	 0	00
da	  45	 3	01
*a	  66	 3	02
*b	  60	 3	03
an	  51	 3	04
em	  60	 3	05
*p	  48	 3	07
*l	  45	 3	010
ua	  39	 3	013
if	  75	 3	016
pd	  45	 3	017
sb	  54	 3	020
sp	  54	 3	021
ca	  45	 3	022
cu	  45	 3	023
fa	  51	 3	024
te	  45	 3	025
OX	  54	 3	026
<>	  51	 3	027
<-	  54	 3	030
->	  66	 3	031
Fi	  75	 3	032
ap	  48	 3	033
<=	  36	 3	034
ff	  63	 3	035
fi	  51	 3	036
fl	  54	 3	037
!	  18	 3	041
"	  33	 3	042
#	  42	 3	043
$	  42	 3	044
%	  45	 3	045
&	  69	 3	046
'	  18	 3	047
(	  27	 3	050
)	  24	 3	051
*	  36	 3	052
+	  39	 3	053
,	  18	 3	054
-	  27	 3	055
hy	"
\-	"
.	  21	 3	056
/	  30	 3	057
0	  42	 3	060
1	  36	 3	061
2	  42	 3	062
3	  42	 3	063
4	  48	 3	064
5	  45	 3	065
6	  42	 3	066
7	  42	 3	067
8	  45	 3	070
9	  42	 3	071
:	  21	 3	072
;	  18	 3	073
<	  36	 3	074
=	  36	 3	075
>	  36	 3	076
?	  30	 3	077
@	  60	 3	0100
A	  66	 3	0101
B	  57	 3	0102
C	  63	 3	0103
D	  69	 3	0104
E	  57	 3	0105
F	  54	 3	0106
G	  66	 3	0107
H	  72	 3	0110
I	  39	 3	0111
J	  42	 3	0112
K	  72	 3	0113
L	  57	 3	0114
M	  81	 3	0115
N	  69	 3	0116
O	  69	 3	0117
P	  60	 3	0120
Q	  72	 3	0121
R	  69	 3	0122
S	  51	 3	0123
T	  66	 3	0124
U	  72	 3	0125
V	  69	 3	0126
W	  90	 3	0127
X	  69	 3	0130
Y	  66	 3	0131
Z	  57	 3	0132
[	  30	 3	0133
\	  42	 3	0134
]	  30	 3	0135
_	  54	 3	0137
\_	"
`	  18	 3	0140
a	  45	 3	0141
b	  51	 3	0142
c	  42	 3	0143
d	  48	 3	0144
e	  39	 3	0145
f	  42	 3	0146
g	  51	 3	0147
h	  51	 3	0150
i	  30	 3	0151
j	  36	 3	0152
k	  51	 3	0153
l	  27	 3	0154
m	  78	 3	0155
n	  54	 3	0156
o	  45	 3	0157
p	  54	 3	0160
q	  51	 3	0161
r	  36	 3	0162
s	  36	 3	0163
t	  33	 3	0164
u	  51	 3	0165
v	  51	 3	0166
w	  66	 3	0167
x	  54	 3	0170
y	  51	 3	0171
z	  39	 3	0172
{	  33	 3	0173
|	  18	 3	0174
}	  33	 3	0175
~	  48	 3	0176
