# Font /usr/lib/vfont/cm.r.12, max width 39, max height 36
name cr
# char	width	u/d	octal
charset
\|	  17	 0	0200
\^	   8	 0	0200
*G	  66	 2	00
*D	  90	 2	01
*H	  84	 2	02
*L	  66	 2	03
*C	  66	 2	04
*P	  78	 2	05
*S	  78	 2	06
*U	  84	 2	07
*F	  78	 2	010
*Q	  84	 2	011
*W	  78	 2	012
fm	  54	 2	015
co	  54	 2	016
rg	  54	 2	017
ct	  54	 2	020
14	  54	 2	021
12	  54	 2	022
34	  54	 2	023
!	  30	 2	041
"	  54	 2	042
fm	  21	 2	043
%	 102	 2	045
&	  84	 2	046
'	  30	 2	047
(	  36	 3	050
)	  36	 3	051
*	  54	 2	052
+	 108	 3	053
,	  30	 1	054
-	  36	 0	055
hy	"
.	  30	 0	056
/	  54	 3	057
0	  54	 2	060
1	  54	 2	061
2	  54	 2	062
3	  54	 2	063
4	  54	 2	064
5	  54	 2	065
6	  54	 2	066
7	  54	 2	067
8	  54	 2	070
9	  54	 2	071
:	  30	 0	072
;	  30	 1	073
<	 108	 2	074
=	 108	 0	075
>	 108	 2	076
?	  42	 2	077
@	  84	 2	0100
A	  78	 2	0101
*A	"
B	  72	 2	0102
*B	"
C	  78	 2	0103
D	  84	 2	0104
E	  72	 2	0105
*E	"
F	  72	 2	0106
G	  84	 2	0107
H	  78	 2	0110
*Y	"
I	  36	 2	0111
*I	"
J	  54	 2	0112
K	  84	 2	0113
*K	"
L	  72	 2	0114
M	  96	 2	0115
*M	"
N	  84	 2	0116
*N	"
O	  84	 2	0117
*O	"
P	  72	 2	0120
*R	"
Q	  84	 3	0121
R	  84	 2	0122
S	  60	 2	0123
T	  78	 2	0124
*T	"
U	  78	 2	0125
V	  78	 2	0126
W	 108	 2	0127
X	  78	 2	0130
*X	"
Y	  78	 2	0131
Z	  66	 2	0132
*Z	"
[	  30	 3	0133
\	  54	 2	0134
]	  30	 3	0135
^	  54	 0	0136
_	 108	 0	0137
\_	"
`	  30	 2	0140
a	  54	 0	0141
b	  60	 2	0142
c	  48	 0	0143
d	  60	 2	0144
e	  48	 0	0145
f	  36	 2	0146
g	  54	 1	0147
h	  60	 2	0150
i	  30	 2	0151
j	  36	 3	0152
k	  60	 2	0153
l	  30	 2	0154
m	  90	 0	0155
n	  60	 0	0156
o	  54	 0	0157
p	  60	 1	0160
q	  54	 1	0161
r	  42	 0	0162
s	  42	 0	0163
t	  42	 2	0164
u	  60	 0	0165
v	  57	 0	0166
w	  78	 0	0167
x	  60	 0	0170
y	  57	 1	0171
z	  48	 0	0172
{	  60	 2	0173
|	  60	 2	0174
}	  60	 2	0175
~	  90	 2	0176
