# Font /usr/lib/vfont/delegate.i.12, max width 17, max height 25
name di
spacewidth 48
# char	width	u/d	octal
charset
\|	  48	 0	01
\^	   0	 0	01
ua	  48	 3	013
<-	  48	 3	030
!	  48	 3	041
"	  48	 3	042
#	  48	 3	043
$	  48	 3	044
%	  48	 3	045
&	  48	 3	046
'	  48	 3	047
(	  48	 3	050
)	  48	 3	051
*	  48	 3	052
+	  48	 3	053
,	  48	 3	054
-	  48	 3	055
hy	"
\-	"
.	  48	 3	056
/	  48	 3	057
0	  48	 3	060
1	  48	 3	061
2	  48	 3	062
3	  48	 3	063
4	  48	 3	064
5	  48	 3	065
6	  48	 3	066
7	  48	 3	067
8	  48	 3	070
9	  48	 3	071
:	  48	 3	072
;	  48	 3	073
<	  48	 3	074
=	  48	 3	075
>	  48	 3	076
?	  48	 3	077
@	  48	 3	0100
A	  48	 3	0101
B	  48	 3	0102
C	  48	 3	0103
D	  48	 3	0104
E	  48	 3	0105
F	  48	 3	0106
G	  48	 3	0107
H	  48	 3	0110
I	  48	 3	0111
J	  48	 3	0112
K	  48	 3	0113
L	  48	 3	0114
M	  48	 3	0115
N	  48	 3	0116
O	  48	 3	0117
P	  48	 3	0120
Q	  48	 3	0121
R	  48	 3	0122
S	  48	 3	0123
T	  48	 3	0124
U	  48	 3	0125
V	  48	 3	0126
W	  48	 3	0127
X	  48	 3	0130
Y	  48	 3	0131
Z	  48	 3	0132
[	  48	 3	0133
\	  48	 3	0134
]	  48	 3	0135
^	  51	 3	0136
_	  48	 3	0137
\_	"
`	  48	 3	0140
a	  48	 3	0141
b	  48	 3	0142
c	  48	 3	0143
d	  48	 3	0144
e	  48	 3	0145
f	  48	 3	0146
g	  48	 3	0147
h	  48	 3	0150
i	  48	 3	0151
j	  48	 3	0152
k	  48	 3	0153
l	  48	 3	0154
m	  48	 3	0155
n	  48	 3	0156
o	  48	 3	0157
p	  48	 3	0160
q	  48	 3	0161
r	  48	 3	0162
s	  48	 3	0163
t	  48	 3	0164
u	  48	 3	0165
v	  48	 3	0166
w	  48	 3	0167
x	  48	 3	0170
y	  48	 3	0171
z	  48	 3	0172
{	  48	 3	0173
|	  48	 3	0174
}	  48	 3	0175
~	  48	 3	0176
