# Font /usr/lib/vfont/meteor.i.10, max width 31, max height 30
name mi
# char	width	u/d	octal
charset
\|	  17	 0	01
\^	   8	 0	01
??	  29	 3	00
ul	 112	 3	030
!	  40	 3	041
"	  54	 3	042
#	  86	 3	043
$	  68	 3	044
%	  86	 3	045
&	  86	 3	046
'	  32	 3	047
(	  54	 3	050
)	  54	 3	051
*	  61	 3	052
+	  65	 3	053
,	  32	 3	054
-	  58	 3	055
hy	"
.	  32	 3	056
/	  72	 3	057
0	  68	 3	060
1	  68	 3	061
2	  68	 3	062
3	  68	 3	063
4	  68	 3	064
5	  68	 3	065
6	  68	 3	066
7	  68	 3	067
8	  68	 3	070
9	  68	 3	071
:	  36	 3	072
;	  36	 3	073
<	  72	 3	074
=	  61	 3	075
>	  68	 3	076
?	  61	 3	077
@	  76	 3	0100
A	  72	 3	0101
B	  72	 3	0102
C	  65	 3	0103
D	  72	 3	0104
E	  72	 3	0105
F	  68	 3	0106
G	  68	 3	0107
H	  83	 3	0110
I	  54	 3	0111
J	  61	 3	0112
K	  76	 3	0113
L	  58	 3	0114
M	 108	 3	0115
N	  86	 3	0116
O	  72	 3	0117
P	  72	 3	0120
Q	  68	 3	0121
R	  72	 3	0122
S	  65	 3	0123
T	  61	 3	0124
U	  72	 3	0125
V	  76	 3	0126
W	 112	 3	0127
X	  83	 3	0130
Y	  68	 3	0131
Z	  72	 3	0132
[	  65	 3	0133
\	  43	 3	0134
]	  68	 3	0135
^	  50	 3	0136
_	  58	 3	0137
\_	"
`	  36	 3	0140
a	  54	 3	0141
b	  61	 3	0142
c	  58	 3	0143
d	  65	 3	0144
e	  58	 3	0145
f	  58	 3	0146
g	  65	 3	0147
h	  76	 3	0150
i	  43	 3	0151
j	  54	 3	0152
k	  76	 3	0153
l	  43	 3	0154
m	  97	 3	0155
n	  72	 3	0156
o	  58	 3	0157
p	  68	 3	0160
q	  72	 3	0161
r	  58	 3	0162
s	  54	 3	0163
t	  36	 3	0164
u	  61	 3	0165
v	  65	 3	0166
w	  97	 3	0167
x	  72	 3	0170
y	  68	 3	0171
z	  54	 3	0172
{	  72	 3	0173
|	  43	 3	0174
}	  68	 3	0175
~	  76	 3	0176
