# Font /usr/lib/vfont/nonie.b.12, max width 34, max height 35
name nb
# char	width	u/d	octal
charset
\|	  17	 0	01
\^	   8	 0	01
<-	  63	 3	030
!	  33	 3	041
"	  57	 3	042
#	  81	 3	043
$	  69	 3	044
%	  81	 3	045
&	  75	 3	046
'	  33	 3	047
(	  51	 3	050
)	  51	 3	051
*	  54	 3	052
+	  69	 3	053
,	  30	 3	054
-	  51	 3	055
hy	"
\-	"
.	  30	 3	056
/	  57	 3	057
0	  66	 3	060
1	  66	 3	061
2	  66	 3	062
3	  66	 3	063
4	  66	 3	064
5	  66	 3	065
6	  66	 3	066
7	  66	 3	067
8	  66	 3	070
9	  -5	 3	071
:	  36	 3	072
;	  36	 3	073
<	  60	 3	074
=	  54	 3	075
>	  60	 3	076
?	  63	 3	077
@	  75	 3	0100
A	  69	 3	0101
B	  66	 3	0102
C	  66	 3	0103
D	  69	 3	0104
E	  63	 3	0105
F	  57	 3	0106
G	  66	 3	0107
H	  66	 3	0110
I	  33	 3	0111
J	  54	 3	0112
K	  69	 3	0113
L	  54	 3	0114
M	  93	 3	0115
N	  69	 3	0116
O	  72	 3	0117
P	  60	 3	0120
Q	  72	 3	0121
R	  63	 3	0122
S	  63	 3	0123
T	  63	 3	0124
U	  66	 3	0125
V	  69	 3	0126
W	 102	 3	0127
X	  69	 3	0130
Y	  63	 3	0131
Z	  66	 3	0132
[	  54	 3	0133
\	  63	 3	0134
]	  54	 3	0135
^	  54	 3	0136
_	  72	 3	0137
\_	"
ru	"
a	  54	 3	0141
b	  54	 3	0142
c	  51	 3	0143
d	  54	 3	0144
e	  51	 3	0145
f	  42	 3	0146
g	  54	 3	0147
h	  54	 3	0150
i	  27	 3	0151
j	  33	 3	0152
k	  54	 3	0153
l	  27	 3	0154
m	  75	 3	0155
n	  51	 3	0156
o	  57	 3	0157
p	  54	 3	0160
q	  54	 3	0161
r	  39	 3	0162
s	  48	 3	0163
t	  39	 3	0164
u	  51	 3	0165
v	  60	 3	0166
w	  87	 3	0167
x	  57	 3	0170
y	  63	 3	0171
z	  51	 3	0172
{	  54	 3	0173
|	  27	 3	0174
}	  54	 3	0175
~	  72	 3	0176
