# Font /usr/lib/vfont/otimes.i.10, max width 27, max height 25
name tI
ligatures ff fl fi ffl ffi 0
# char	width	u/d	octal
charset
\|	  17	 0	00
\^	   8	 0	00
fi	  65	 3	01
fl	  68	 3	02
ff	  76	 3	03
\-	  54	 3	04
em	  68	 3	06
bu	  58	 3	07
sq	  72	 3	010
Fi	  94	 3	011
Fl	  94	 3	012
de	  40	 3	013
dg	  54	 3	014
fm	  32	 3	015
co	  58	 3	016
rg	  58	 3	017
ct	  43	 3	020
14	  58	 3	021
12	  58	 3	022
34	  58	 3	023
!	  36	 3	041
"	  40	 3	042
#	  50	 3	043
$	  54	 3	044
%	  54	 3	045
&	  79	 3	046
'	  25	 3	047
(	  36	 3	050
)	  36	 3	051
*	  61	 3	052
+	  47	 3	053
,	  25	 3	054
-	  32	 3	055
hy	"
.	  22	 3	056
/	  72	 3	057
0	  50	 3	060
1	  50	 3	061
2	  50	 3	062
3	  50	 3	063
4	  50	 3	064
5	  50	 3	065
6	  50	 3	066
7	  50	 3	067
8	  50	 3	070
9	  50	 3	071
:	  25	 3	072
;	  29	 3	073
<	  50	 3	074
=	  58	 3	075
>	  50	 3	076
?	  47	 3	077
@	  72	 3	0100
A	  72	 3	0101
*A	"
B	  68	 3	0102
*B	"
C	  61	 3	0103
D	  72	 3	0104
E	  68	 3	0105
*E	"
F	  72	 3	0106
G	  68	 3	0107
H	  86	 3	0110
*Y	"
I	  47	 3	0111
*I	"
J	  58	 3	0112
K	  79	 3	0113
*K	"
L	  61	 3	0114
M	  94	 3	0115
*M	"
N	  76	 3	0116
*N	"
O	  65	 3	0117
*O	"
P	  72	 3	0120
*R	"
Q	  65	 3	0121
R	  68	 3	0122
S	  58	 3	0123
T	  65	 3	0124
*T	"
U	  72	 3	0125
V	  65	 3	0126
W	  97	 3	0127
X	  76	 3	0130
*X	"
Y	  72	 3	0131
Z	  68	 3	0132
*Z	"
[	  36	 3	0133
\	  47	 3	0134
]	  36	 3	0135
^	  50	 3	0136
_	  43	 3	0137
\_	"
ru	"
`	  25	 3	0140
a	  54	 3	0141
b	  50	 3	0142
c	  47	 3	0143
d	  58	 3	0144
e	  47	 3	0145
f	  47	 3	0146
g	  61	 3	0147
h	  54	 3	0150
i	  32	 3	0151
j	  54	 3	0152
k	  54	 3	0153
l	  36	 3	0154
m	  86	 3	0155
n	  54	 3	0156
o	  50	 3	0157
p	  58	 3	0160
q	  54	 3	0161
r	  40	 3	0162
s	  40	 3	0163
t	  36	 3	0164
u	  58	 3	0165
v	  50	 3	0166
w	  72	 3	0167
x	  58	 3	0170
y	  54	 3	0171
z	  50	 3	0172
{	  40	 3	0173
|	  25	 3	0174
}	  40	 3	0175
~	  58	 3	0176
