# Font /usr/lib/vfont/otimes.s.10, max width 21, max height 25
name tS
# char	width	u/d	octal
charset
\|	  17	 0	00
\^	   8	 0	00
mi	  54	 3	013
**	  47	 3	014
pl	  54	 3	015
eq	  58	 3	016
gr	  65	 3	017
lt	  65	 3	020
lk	  65	 3	021
lb	  65	 3	022
rt	  65	 3	023
rk	  65	 3	024
rb	  65	 3	025
ap	  58	 3	026
mo	  47	 3	027
br	   0	 3	030
~=	  68	 3	036
da	  50	 3	041
no	  54	 3	042
ua	  50	 3	043
sc	  36	 3	044
dd	  50	 3	045
if	  65	 3	046
pd	  50	 3	047
sb	  54	 3	050
sp	  54	 3	051
mu	  65	 3	052
+-	  58	 3	053
ca	  47	 3	054
cu	  47	 3	055
<-	  61	 3	056
di	  54	 3	057
->	  61	 3	060
!=	  47	 3	061
sr	  72	 3	062
<=	  58	 3	063
>=	  58	 3	064
==	  47	 3	065
or	  58	 3	066
is	  58	 3	067
bv	  65	 3	070
lc	  65	 3	071
rc	  65	 3	072
lf	  65	 3	073
rf	  65	 3	074
~=	  68	 3	075
_	  50	 3	076
ib	  50	 3	077
ul	  43	 3	0100
rn	  43	 3	0101
ip	  54	 3	0102
*D	  65	 3	0104
*F	  65	 3	0106
*G	  58	 3	0107
??	  58	 3	0112
*L	  61	 3	0114
*P	  72	 3	0120
*H	  61	 3	0121
*S	  58	 3	0123
*U	  61	 3	0125
*W	  61	 3	0127
*C	  65	 3	0130
*Q	  76	 3	0131
ga	  43	 3	0134
aa	  43	 3	0135
*a	  54	 3	0141
*b	  50	 3	0142
*g	  58	 3	0143
*d	  40	 3	0144
*e	  36	 3	0145
*z	  58	 3	0146
*y	  58	 3	0147
*h	  47	 3	0150
*i	  29	 3	0151
*k	  61	 3	0152
*l	  43	 3	0153
*m	  47	 3	0154
*n	  50	 3	0155
*c	  40	 3	0156
*o	  47	 3	0157
*p	  58	 3	0160
*r	  43	 3	0161
*s	  50	 3	0162
*t	  50	 3	0163
*u	  50	 3	0164
es	  43	 3	0165
*x	  36	 3	0166
*q	  61	 3	0167
*w	  40	 3	0170
pd	  65	 3	0171
*f	  47	 3	0172
