# Font /usr/lib/vfont/clarendon.18, max width 46, max height 52
name cl
# char	width	u/d	octal
charset
\|	  17	 0	00
\^	   8	 0	00
*a	  82	 2	02
sb	  80	 2	020
sp	  80	 2	021
fa	  82	 2	024
te	  76	 2	025
OX	  50	 0	026
->	  52	 2	031
is	  58	 2	032
!=	  50	 2	033
==	  50	 0	036
"	  40	 2	042
#	  50	 2	043
$	  64	 2	044
%	  48	 2	045
'	  24	 2	047
(	  50	 2	050
)	  50	 2	051
+	  48	 2	053
pl	"
,	  34	 0	054
-	  40	 0	055
hy	"
\-	"
mi	"
.	  32	 0	056
/	  42	 2	057
0	  68	 2	060
1	  50	 2	061
2	  66	 2	062
3	  58	 2	063
4	  66	 2	064
5	  60	 2	065
6	  64	 2	066
7	  64	 2	067
8	  60	 2	070
9	  64	 2	071
:	  32	 2	072
;	  34	 2	073
=	  50	 0	075
?	  56	 2	077
A	  82	 2	0101
B	  74	 2	0102
C	  68	 2	0103
D	  80	 2	0104
E	  76	 2	0105
F	  72	 2	0106
G	  80	 2	0107
H	  84	 2	0110
I	  48	 2	0111
J	  58	 2	0112
K	  76	 2	0113
L	  72	 2	0114
M	 100	 2	0115
N	  80	 2	0116
O	  80	 2	0117
P	  72	 2	0120
Q	  80	 2	0121
R	  80	 2	0122
S	  64	 2	0123
T	  72	 2	0124
U	  76	 2	0125
V	  72	 2	0126
W	 104	 2	0127
X	  84	 2	0130
Y	  76	 2	0131
Z	  72	 2	0132
[	  40	 2	0133
\	  42	 2	0134
]	  40	 2	0135
_	  52	 2	0137
\_	"
`	  24	 2	0140
a	  60	 0	0141
b	  64	 2	0142
c	  48	 0	0143
d	  64	 2	0144
e	  52	 0	0145
f	  48	 2	0146
g	  64	 1	0147
h	  72	 2	0150
i	  40	 2	0151
j	  40	 3	0152
k	  74	 2	0153
l	  40	 2	0154
m	  82	 0	0155
n	  60	 0	0156
o	  50	 0	0157
p	  66	 1	0160
q	  66	 1	0161
r	  56	 0	0162
s	  50	 0	0163
t	  44	 2	0164
u	  60	 0	0165
v	  60	 0	0166
w	  90	 0	0167
x	  58	 0	0170
y	  66	 1	0171
z	  58	 0	0172
|	  20	 2	0174
