# Font /usr/lib/vfont/times.s.36, max width 100, max height 100
name ts
# char	width	u/d	octal
charset
\|	  17	 0	00
\^	   8	 0	00
if	  70	 0	01
ip	  83	 2	02
pt	  70	 0	03
rh	  98	 0	04
cu	  83	 2	05
rn	  50	 2	06
bs	 100	 3	07
+-	  87	 2	010
<=	  87	 0	011
>=	  87	 0	012
sr	 100	 2	013
ts	  46	 0	014
is	  50	 3	015
sl	  30	 2	016
bv	  48	 3	017
lf	  48	 3	020
rf	  48	 3	021
lc	  48	 3	022
rc	  48	 3	023
lt	  48	 3	024
lb	  48	 2	025
rt	  48	 3	026
rb	  48	 2	027
lk	  48	 3	030
rk	  48	 3	031
sb	  83	 2	032
sp	  83	 2	033
ca	  83	 2	034
no	  59	 0	035
lh	 100	 0	036
mo	  67	 2	037
"	  35	 2	042
#	  78	 2	043
aa	  33	 2	047
gr	  70	 2	050
mu	  87	 2	052
pl	  87	 2	053
ci	  87	 2	055
di	  87	 0	057
==	  87	 0	060
~=	  87	 0	061
ap	  87	 0	062
!=	  87	 2	063
<-	  56	 0	064
->	  56	 0	065
ua	  35	 0	066
da	  35	 0	067
**	  52	 0	071
<	  87	 2	074
eq	  87	 0	075
>	  87	 2	076
@	  93	 2	0100
*G	  65	 2	0103
*D	  70	 2	0104
*H	  70	 2	0110
*L	  76	 2	0113
*C	  81	 2	0116
*P	  67	 2	0120
*S	  67	 2	0122
*F	  81	 2	0125
*Q	  87	 2	0127
*W	  76	 2	0130
dd	  44	 2	0131
br	   0	 2	0132
ib	  83	 2	0133
\	  30	 2	0134
ci	  85	 2	0135
^	  33	 2	0136
ul	  50	 0	0137
ga	  33	 2	0140
*a	  65	 0	0141
*b	  65	 3	0142
*g	  59	 1	0143
*d	  52	 2	0144
*e	  46	 0	0145
*z	  46	 3	0146
*y	  65	 1	0147
*h	  52	 2	0150
*i	  35	 0	0151
*k	  59	 0	0152
*l	  59	 2	0153
*m	  70	 1	0154
*n	  52	 0	0155
*c	  46	 3	0156
*o	  52	 0	0157
*p	  70	 0	0160
*r	  52	 1	0161
*s	  65	 0	0162
*t	  46	 0	0163
*u	  52	 0	0164
es	  70	 3	0165
*x	  59	 1	0166
*q	  65	 3	0167
*w	  70	 0	0170
pd	  52	 2	0171
*f	  87	 2	0172
{	  33	 3	0173
|	  30	 2	0174
}	  33	 3	0175
~	  33	 2	0176
