# Font /usr/lib/vfont/times.b.36, max width 102, max height 89
name tb
# char	width	u/d	octal
charset
\|	  17	 0	00
\^	   8	 0	00
em	 100	 0	06
dg	  50	 2	014
!	  33	 2	041
$	  50	 2	044
%	 100	 2	045
&	  83	 2	046
'	  33	 2	047
(	  33	 3	050
)	  33	 3	051
*	  50	 2	052
,	  33	 1	054
-	  33	 0	055
hy	"
.	  33	 0	056
/	  28	 2	057
0	  50	 2	060
1	  50	 2	061
2	  50	 2	062
3	  50	 2	063
4	  50	 2	064
5	  50	 2	065
6	  50	 2	066
7	  50	 2	067
8	  50	 2	070
9	  50	 2	071
:	  33	 2	072
;	  33	 3	073
?	  50	 2	077
A	  72	 2	0101
B	  67	 2	0102
C	  72	 2	0103
D	  72	 2	0104
E	  67	 2	0105
F	  61	 2	0106
G	  78	 2	0107
H	  78	 2	0110
I	  39	 2	0111
J	  50	 2	0112
K	  78	 2	0113
L	  67	 2	0114
M	  94	 2	0115
N	  72	 2	0116
O	  78	 2	0117
P	  61	 2	0120
Q	  78	 3	0121
R	  72	 2	0122
S	  56	 2	0123
T	  67	 2	0124
U	  72	 2	0125
V	  72	 2	0126
W	 100	 2	0127
X	  72	 2	0130
Y	  72	 2	0131
Z	  67	 2	0132
[	  33	 2	0133
]	  33	 2	0135
`	  33	 2	0140
a	  50	 2	0141
b	  56	 2	0142
c	  44	 2	0143
d	  56	 2	0144
e	  44	 2	0145
f	  33	 2	0146
g	  50	 3	0147
h	  56	 2	0150
i	  28	 2	0151
j	  33	 3	0152
k	  56	 2	0153
l	  28	 2	0154
m	  83	 2	0155
n	  56	 2	0156
o	  50	 2	0157
p	  56	 3	0160
q	  56	 3	0161
r	  44	 2	0162
s	  39	 2	0163
t	  33	 2	0164
u	  56	 0	0165
v	  50	 0	0166
w	  72	 0	0167
x	  50	 0	0170
y	  50	 1	0171
z	  44	 0	0172
