620
0 0
0 2
0 4
0 6
0 8
0 10
0 12
0 14
0 16
0 18
0 20
0 22
0 24
0 26
0 28
0 30
0 32
0 34
0 36
0 38
1 0
1 1
1 2
1 3
1 4
1 5
1 6
1 7
1 8
1 9
1 10
1 11
1 12
1 13
1 14
1 15
1 16
1 17
1 18
1 19
1 20
1 21
1 22
1 23
1 24
1 25
1 26
1 27
1 28
1 29
1 30
1 31
1 32
1 33
1 34
1 35
1 36
1 37
1 38
1 39
2 0
2 2
2 4
2 6
2 8
2 10
2 12
2 14
2 16
2 18
2 20
2 22
2 24
2 26
2 28
2 30
2 32
2 34
2 36
2 38
3 0
3 1
3 2
3 3
3 4
3 5
3 6
3 7
3 8
3 9
3 10
3 11
3 12
3 13
3 14
3 15
3 16
3 17
3 18
3 19
3 20
3 21
3 22
3 23
3 24
3 25
3 26
3 27
3 28
3 29
3 30
3 31
3 32
3 33
3 34
3 35
3 36
3 37
3 38
3 39
4 0
4 2
4 4
4 6
4 8
4 10
4 12
4 14
4 16
4 18
4 20
4 22
4 24
4 26
4 28
4 30
4 32
4 34
4 36
4 38
5 0
5 2
5 4
5 6
5 8
5 10
5 12
5 14
5 16
5 18
5 20
5 22
5 24
5 26
5 28
5 30
5 32
5 34
5 36
5 38
6 0
6 2
6 4
6 6
6 8
6 10
6 12
6 14
6 16
6 18
6 20
6 22
6 24
6 26
6 28
6 30
6 32
6 34
6 36
6 38
7 0
7 1
7 2
7 3
7 4
7 5
7 6
7 7
7 8
7 9
7 10
7 11
7 12
7 13
7 14
7 15
7 16
7 17
7 18
7 19
7 20
7 21
7 22
7 23
7 24
7 25
7 26
7 27
7 28
7 29
7 30
7 31
7 32
7 33
7 34
7 35
7 36
7 37
7 38
7 39
8 0
8 2
8 4
8 6
8 8
8 10
8 12
8 14
8 16
8 18
8 20
8 22
8 24
8 26
8 28
8 30
8 32
8 34
8 36
8 38
9 0
9 1
9 2
9 3
9 4
9 5
9 6
9 7
9 8
9 9
9 10
9 11
9 12
9 13
9 14
9 15
9 16
9 17
9 18
9 19
9 20
9 21
9 22
9 23
9 24
9 25
9 26
9 27
9 28
9 29
9 30
9 31
9 32
9 33
9 34
9 35
9 36
9 37
9 38
9 39
10 0
10 2
10 4
10 6
10 8
10 10
10 12
10 14
10 16
10 18
10 20
10 22
10 24
10 26
10 28
10 30
10 32
10 34
10 36
10 38
11 0
11 2
11 4
11 6
11 8
11 10
11 12
11 14
11 16
11 18
11 20
11 22
11 24
11 26
11 28
11 30
11 32
11 34
11 36
11 38
12 0
12 1
12 2
12 3
12 4
12 5
12 6
12 7
12 8
12 9
12 10
12 11
12 12
12 13
12 14
12 15
12 16
12 17
12 18
12 19
12 20
12 21
12 22
12 23
12 24
12 25
12 26
12 27
12 28
12 29
12 30
12 31
12 32
12 33
12 34
12 35
12 36
12 37
12 38
12 39
13 0
13 2
13 4
13 6
13 8
13 10
13 12
13 14
13 16
13 18
13 20
13 22
13 24
13 26
13 28
13 30
13 32
13 34
13 36
13 38
14 0
14 2
14 4
14 6
14 8
14 10
14 12
14 14
14 16
14 18
14 20
14 22
14 24
14 26
14 28
14 30
14 32
14 34
14 36
14 38
15 0
15 2
15 4
15 6
15 8
15 10
15 12
15 14
15 16
15 18
15 20
15 22
15 24
15 26
15 28
15 30
15 32
15 34
15 36
15 38
16 0
16 2
16 4
16 6
16 8
16 10
16 12
16 14
16 16
16 18
16 20
16 22
16 24
16 26
16 28
16 30
16 32
16 34
16 36
16 38
17 0
17 2
17 4
17 6
17 8
17 10
17 12
17 14
17 16
17 18
17 20
17 22
17 24
17 26
17 28
17 30
17 32
17 34
17 36
17 38
18 0
18 1
18 2
18 3
18 4
18 5
18 6
18 7
18 8
18 9
18 10
18 11
18 12
18 13
18 14
18 15
18 16
18 17
18 18
18 19
18 20
18 21
18 22
18 23
18 24
18 25
18 26
18 27
18 28
18 29
18 30
18 31
18 32
18 33
18 34
18 35
18 36
18 37
18 38
18 39
19 0
19 1
19 2
19 3
19 4
19 5
19 6
19 7
19 8
19 9
19 10
19 11
19 12
19 13
19 14
19 15
19 16
19 17
19 18
19 19
19 20
19 21
19 22
19 23
19 24
19 25
19 26
19 27
19 28
19 29
19 30
19 31
19 32
19 33
19 34
19 35
19 36
19 37
19 38
19 39
20 0
20 2
20 4
20 6
20 8
20 10
20 12
20 14
20 16
20 18
20 20
20 22
20 24
20 26
20 28
20 30
20 32
20 34
20 36
20 38
21 0
21 2
21 4
21 6
21 8
21 10
21 12
21 14
21 16
21 18
21 20
21 22
21 24
21 26
21 28
21 30
21 32
21 34
21 36
21 38
22 0
22 1
22 2
22 3
22 4
22 5
22 6
22 7
22 8
22 9
22 10
22 11
22 12
22 13
22 14
22 15
22 16
22 17
22 18
22 19
22 20
22 21
22 22
22 23
22 24
22 25
22 26
22 27
22 28
22 29
22 30
22 31
22 32
22 33
22 34
22 35
22 36
22 37
22 38
22 39
