name CBI
internalname Courier-BoldOblique
slant 12
spacewidth 600
encoding text.enc
charset
ha	600,674,0,97,-63,83	2	0000	asciicircum
ti	600,433,0,102,-17,83	0	0001	asciitilde
vS	600,824,65,130,27,83	2	0002	Scaron
vZ	600,824,50,129,16,83	2	0003	Zcaron
vs	600,695,65,101,16,83	2	0004	scaron
vz	600,695,50,101,4,83	2	0005	zcaron
:Y	600,781,50,192,-26,83	2	0006	Ydieresis
space	600	0	0040
!	600,689,65,0,-147	2	0041	exclam
"	600,663,0,104,-121,83	2	0042	quotedbl
#	600,725,142,122,-2,83	3	0043	numbersign
sh	"
$	600,735,173,109,-1,83	3	0044	dollar
Do	"
%	600,689,65,121,-8,83	2	0045	percent
&	600,600,65,57,-2,57	2	0046	ampersand
'	600,674,0,0,-98	2	0047	quoteright
(	600,683,204,112,-205,83	3	0050	parenleft
)	600,683,204,0,5	3	0051	parenright
*	600,674,0,115,-81,83	2	0052	asterisk
+	600,610,48,118,-2,83	2	0053	plus
,	600,215,215,0,-1	1	0054	comma
-	600,381,0,118,-2,83	0	0055	hyphen
hy	"
char173	"
.	600,150,50,0,-151	0	0056	period
/	600,746,163,154,30,83	3	0057	slash
sl	"
0	600,689,65,99,-32,83	2	0060	zero
1	600,674,50,28,6,28	2	0061	one
2	600,689,50,106,35,83	2	0062	two
3	600,689,65,109,20,83	2	0063	three
4	600,674,50,68,-15,68	2	0064	four
5	600,674,65,110,17,83	2	0065	five
6	600,689,65,162,-58,83	2	0066	six
7	600,674,50,130,-86,83	2	0067	seven
8	600,689,65,105,-14,83	2	0070	eight
9	600,689,65,115,-17,83	2	0071	nine
:	600,472,50,0,-151	0	0072	colon
;	600,472,176,0,-13	1	0073	semicolon
<	600,610,48,166,-2,83	2	0074	less
=	600,474,0,158,39,83	0	0075	equal
>	600,610,48,118,47,83	2	0076	greater
?	600,648,65,107,-98,83	2	0077	question
@	600,705,142,90,-11,83	3	0100	at
at	"
A	600,633,50,132,110,83	2	0101	A
B	600,633,50,120,76,83	2	0102	B
C	600,648,65,163,19,83	2	0103	C
D	600,633,50,120,76,83	2	0104	D
E	600,633,50,142,76,83	2	0105	E
F	600,633,50,163,76,83	2	0106	F
G	600,648,65,163,21,83	2	0107	G
H	600,633,50,173,66,83	2	0110	H
I	600,633,50,130,6,83	2	0111	I
J	600,633,65,226,28,83	2	0112	J
K	600,633,50,194,76,83	2	0113	K
L	600,633,50,115,56,83	2	0114	L
M	600,633,50,226,108,83	2	0115	M
N	600,633,50,205,76,83	2	0116	N
O	600,648,65,146,24,83	2	0117	O
P	600,633,50,116,76,83	2	0120	P
Q	600,648,196,146,24,83	3	0121	Q
R	600,633,50,130,76,83	2	0122	R
S	600,648,65,130,27,83	2	0123	S
T	600,633,50,171,-22,83	2	0124	T
U	600,633,65,203,-11,83	2	0125	U
V	600,633,50,234,8,83	2	0126	V
W	600,633,50,223,0,83	2	0127	W
X	600,633,50,192,79,83	2	0130	X
Y	600,633,50,192,-26,83	2	0131	Y
Z	600,633,50,119,16,83	2	0132	Z
[	600,674,204,97,-128,83	3	0133	bracketleft
lB	"
\	600,746,163,4,-120,4	3	0134	backslash
rs	"
]	600,674,204,0,-3	3	0135	bracketright
rB	"
a^	600,674,0,79,-129,79	2	0136	circumflex
^	"
_	600,0,350,89,195,83	1	0137	underscore
`	600,674,0,48,-272,48	2	0140	quoteleft
oq	"
a	600,502,65,82,34,82	0	0141	a
b	600,674,65,120,97,83	2	0142	b
c	600,502,65,122,6,83	0	0143	c
d	600,674,65,151,27,83	2	0144	d
e	600,502,65,100,25,83	0	0145	e
f	600,674,50,190,14,83	2	0146	f
g	600,502,257,174,25,83	1	0147	g
h	600,674,50,92,66,83	2	0150	h
i	600,725,50,49,27,49	2	0151	i
j	600,725,257,70,16,70	3	0152	j
k	600,674,50,111,56,83	2	0153	k
l	600,674,50,49,27,49	2	0154	l
m	600,502,50,134,108,83	0	0155	m
n	600,502,50,82,66,82	0	0156	n
o	600,502,65,106,16,83	0	0157	o
p	600,502,257,121,141,83	1	0160	p
q	600,502,257,195,23,83	1	0161	q
r	600,501,50,149,35,83	0	0162	r
s	600,502,65,88,16,83	0	0163	s
t	600,642,65,49,5,49	2	0164	t
u	600,487,65,90,5,83	0	0165	u
v	600,487,50,182,18,83	0	0166	v
w	600,487,50,182,18,83	0	0167	w
x	600,487,50,140,68,83	0	0170	x
y	600,487,257,161,112,83	1	0171	y
z	600,487,50,90,4,83	0	0172	z
lC	600,674,204,55,-118,55	3	0173	braceleft
{	"
ba	600,674,204,0,-128	3	0174	bar
|	"
rC	600,674,204,0,-45	3	0175	braceright
}	"
a~	600,640,0,96,-121,83	2	0176	tilde
~	"
---	600,204,225,0,2	1	0200	quotesinglbase
Fo	600,487,50,153,23,83	0	0201	guillemotleft
char171	"
Fc	600,487,50,115,56,83	0	0202	guillemotright
char187	"
bu	600,406,0,0,-215	0	0203	bullet
---	600,689,173,170,56,83	3	0204	florin
f/	600,552,0,175,45,83	0	0205	fraction
dg	600,674,142,88,-76,83	3	0207	dagger
dd	600,674,142,88,-25,83	3	0210	daggerdbl
en	600,381,0,118,-2,83	0	0211	endash
em	600,381,0,189,69,83	0	0212	emdash
.i	600,487,50,49,27,49	0	0220	dotlessi
ga	600,689,0,0,-150	2	0222	grave
a"	600,689,0,100,-129,83	2	0223	hungarumlaut
a.	600,631,0,0,-263	2	0224	dotaccent
ab	600,674,0,97,-146,83	2	0225	breve
ah	600,674,0,97,-147,83	2	0226	caron
ao	600,694,0,36,-187,36	2	0227	ring
ho	600,100,225,0,-134	1	0230	ogonek
---	600,678,0,98,-106,83	2	0231	quotedblleft
---	600,678,0,140,-64,83	2	0232	quotedblright
/l	600,674,50,54,27,54	2	0234	lslash
---	600,199,199,38,38,38	1	0235	quotedblbase
/L	600,633,50,115,56,83	2	0237	Lslash
r!	600,475,257,0,-93	1	0241	exclamdown
char161	"
ct	600,725,79,93,-46,83	2	0242	cent
char162	"
Po	600,648,50,70,35,70	2	0243	sterling
char163	"
Cs	600,569,0,127,3,83	2	0244	currency
char164	"
Ye	600,633,50,192,-27,83	2	0245	yen
char165	"
sc	600,689,147,147,32,83	3	0247	section
char167	"
ad	600,631,0,67,-159,67	2	0250	dieresis
char168	"
Of	600,649,0,40,-64,40	2	0252	ordfeminine
char170	"
fo	600,487,50,0,23	0	0253	guilsinglleft
a-	600,616,0,85,-135,83	2	0257	macron
char175	"
aa	600,689,0,100,-254,83	2	0264	acute
char180	"
ps	600,689,147,180,-22,83	3	0266	paragraph
char182	"
char183	600,406,0,0,-205	0	0267	periodcentered
ac	600,100,246,0,-53	1	0270	cedilla
char184	"
Om	600,649,0,73,-68,73	2	0272	ordmasculine
char186	"
fc	600,487,50,115,-174,83	0	0273	guilsinglright
r?	600,475,257,0,24	1	0277	questiondown
char191	"
`A	600,839,50,132,110,83	2	0300	Agrave
char192	"
'A	600,839,50,132,110,83	2	0301	Aacute
char193	"
^A	600,824,50,132,110,83	2	0302	Acircumflex
char194	"
~A	600,790,50,132,110,83	2	0303	Atilde
char195	"
:A	600,781,50,132,110,83	2	0304	Adieresis
char196	"
oA	600,855,50,132,110,83	2	0305	Aring
char197	"
,C	600,648,246,163,19,83	3	0307	Ccedilla
char199	"
`E	600,839,50,142,76,83	2	0310	Egrave
char200	"
'E	600,839,50,142,76,83	2	0311	Eacute
char201	"
^E	600,824,50,142,76,83	2	0312	Ecircumflex
char202	"
:E	600,781,50,142,76,83	2	0313	Edieresis
char203	"
`I	600,839,50,130,6,83	2	0314	Igrave
char204	"
'I	600,839,50,130,6,83	2	0315	Iacute
char205	"
^I	600,824,50,130,6,83	2	0316	Icircumflex
char206	"
:I	600,781,50,130,6,83	2	0317	Idieresis
char207	"
~N	600,790,50,205,76,83	2	0321	Ntilde
char209	"
`O	600,839,65,146,24,83	2	0322	Ograve
char210	"
'O	600,839,65,146,24,83	2	0323	Oacute
char211	"
^O	600,824,65,146,24,83	2	0324	Ocircumflex
char212	"
~O	600,790,65,146,24,83	2	0325	Otilde
char213	"
:O	600,781,65,146,24,83	2	0326	Odieresis
char214	"
/O	600,683,121,214,94,83	3	0330	Oslash
char216	"
`U	600,839,65,203,-11,83	2	0331	Ugrave
char217	"
'U	600,839,65,203,-11,83	2	0332	Uacute
char218	"
^U	600,824,65,203,-11,83	2	0333	Ucircumflex
char219	"
:U	600,781,65,203,-11,83	2	0334	Udieresis
char220	"
ss	600,674,65,68,76,68	2	0337	germandbls
char223	"
`a	600,710,65,82,34,82	2	0340	agrave
char224	"
'a	600,710,65,82,34,82	2	0341	aacute
char225	"
^a	600,703,65,85,34,83	2	0342	acircumflex
char226	"
~a	600,678,65,104,34,83	2	0343	atilde
char227	"
:a	600,652,65,82,34,82	2	0344	adieresis
char228	"
oa	600,746,65,82,34,82	2	0345	aring
char229	"
,c	600,502,246,122,6,83	1	0347	ccedilla
char231	"
`e	600,714,65,100,25,83	2	0350	egrave
char232	"
'e	600,714,65,100,25,83	2	0351	eacute
char233	"
^e	600,703,65,100,25,83	2	0352	ecircumflex
char234	"
:e	600,652,65,100,25,83	2	0353	edieresis
char235	"
`i	600,706,50,49,27,49	2	0354	igrave
char236	"
'i	600,710,50,49,27,49	2	0355	iacute
char237	"
^i	600,684,50,49,27,49	2	0356	icircumflex
char238	"
:i	600,652,50,49,27,49	2	0357	idieresis
char239	"
~n	600,678,50,82,66,82	2	0361	ntilde
char241	"
`o	600,699,65,106,16,83	2	0362	ograve
char242	"
'o	600,699,65,106,16,83	2	0363	oacute
char243	"
^o	600,703,65,106,16,83	2	0364	ocircumflex
char244	"
~o	600,657,65,106,16,83	2	0365	otilde
char245	"
:o	600,652,65,106,16,83	2	0366	odieresis
char246	"
/o	600,538,121,166,81,83	1	0370	oslash
char248	"
`u	600,706,65,90,5,83	2	0371	ugrave
char249	"
'u	600,706,65,90,5,83	2	0372	uacute
char250	"
^u	600,684,65,90,5,83	2	0373	ucircumflex
char251	"
:u	600,652,65,90,5,83	2	0374	udieresis
char252	"
:y	600,631,257,161,112,83	3	0377	ydieresis
char255	"
