0000110111
010
11
10
011
0011
0010
00011
000101
000100
0000100
0000101
0000111
00000100
00000111
000011000
0000010111
0000011000
0000001000
00001100111
00001101000
00001101100
00000110111
00000101000
00000010111
00000011000
000011001010
000011001011
000011001100
000011001101
000001101000
000001101001
000001101010
000001101011
000011010010
000011010011
000011010100
000011010101
000011010110
000011010111
000001101100
000001101101
000011011010
000011011011
000001010100
000001010101
000001010110
000001010111
000001100100
000001100101
000001010010
000001010011
000000100100
000000110111
000000111000
000000100111
000000101000
000001011000
000001011001
000000101011
000000101100
000001011010
000001100110
000001100111
