# Font /usr/lib/vfont/delegate.b.12, max width 17, max height 25
name db
spacewidth 51
# char	width	u/d	octal
charset
\|	  51	 0	015
\^	   0	 0	015
da	  51	 0	01
*a	  51	 0	02
*b	  51	 1	03
an	  51	 0	04
no	  51	 0	05
mo	  51	 0	06
*p	  51	 0	07
*l	  51	 0	010
*g	  51	 2	011
*d	  51	 2	012
ua	  51	 0	013
+-	  51	 2	014
if	  51	 0	016
pd	  51	 0	017
sb	  51	 0	020
sp	  51	 0	021
ca	  51	 0	022
cu	  51	 0	023
fa	  51	 0	024
te	  51	 0	025
OX	  51	 0	026
<>	  51	 0	027
<-	  51	 0	030
->	  51	 0	031
!=	  51	 0	032
ap	  51	 0	033
<=	  51	 0	034
>=	  51	 0	035
==	  51	 0	036
or	  51	 0	037
!	  51	 0	041
"	  51	 0	042
#	  51	 0	043
$	  51	 0	044
%	  51	 0	045
&	  51	 0	046
'	  51	 0	047
(	  51	 0	050
)	  51	 0	051
*	  51	 0	052
+	  51	 0	053
,	  51	 1	054
-	  51	 0	055
hy	"
\-	"
.	  51	 0	056
/	  51	 0	057
0	  51	 0	060
1	  51	 0	061
2	  51	 0	062
3	  51	 0	063
4	  51	 0	064
5	  51	 0	065
6	  51	 0	066
7	  51	 0	067
8	  51	 0	070
9	  51	 0	071
:	  51	 0	072
;	  51	 1	073
<	  51	 0	074
=	  51	 0	075
>	  51	 0	076
?	  51	 0	077
@	  51	 0	0100
A	  51	 0	0101
B	  51	 0	0102
C	  51	 0	0103
D	  51	 0	0104
E	  51	 0	0105
F	  51	 0	0106
G	  51	 0	0107
H	  51	 0	0110
I	  51	 0	0111
J	  51	 0	0112
K	  51	 0	0113
L	  51	 0	0114
M	  51	 0	0115
N	  51	 0	0116
O	  51	 0	0117
P	  51	 0	0120
Q	  51	 1	0121
R	  51	 0	0122
S	  51	 0	0123
T	  51	 0	0124
U	  51	 0	0125
V	  51	 0	0126
W	  51	 0	0127
X	  51	 0	0130
Y	  51	 0	0131
Z	  51	 0	0132
[	  51	 0	0133
\	  51	 0	0134
]	  51	 0	0135
^	  51	 0	0136
_	  51	 0	0137
\_	"
`	  51	 0	0140
a	  51	 0	0141
b	  51	 0	0142
c	  51	 0	0143
d	  51	 0	0144
e	  51	 0	0145
f	  51	 0	0146
g	  51	 1	0147
h	  51	 0	0150
i	  51	 0	0151
j	  51	 1	0152
k	  51	 0	0153
l	  51	 0	0154
m	  51	 0	0155
n	  51	 0	0156
o	  51	 0	0157
p	  51	 1	0160
q	  51	 1	0161
r	  51	 0	0162
s	  51	 0	0163
t	  51	 0	0164
u	  51	 0	0165
v	  51	 0	0166
w	  51	 0	0167
x	  51	 0	0170
y	  51	 1	0171
z	  51	 0	0172
{	  51	 0	0173
|	  51	 0	0174
}	  51	 0	0175
~	  51	 0	0176
??	  51	 1	0177
