# Font /usr/lib/vfont/pip.16, max width 29, max height 40
name pp
# char	width	u/d	octal
charset
\|	  17	 0	00
\^	   8	 0	00
!	  23	 3	041
'	  23	 3	047
(	  32	 3	050
)	  32	 3	051
,	  23	 3	054
-	  27	 3	055
hy	"
.	  23	 3	056
0	  54	 3	060
1	  32	 3	061
2	  47	 3	062
3	  47	 3	063
4	  52	 3	064
5	  47	 3	065
6	  47	 3	066
7	  47	 3	067
8	  47	 3	070
9	  47	 3	071
:	  23	 3	072
;	  23	 3	073
?	  47	 3	077
A	  47	 3	0101
B	  47	 3	0102
C	  47	 3	0103
D	  47	 3	0104
E	  47	 3	0105
F	  47	 3	0106
G	  47	 3	0107
H	  47	 3	0110
I	  23	 3	0111
J	  47	 3	0112
K	  47	 3	0113
L	  47	 3	0114
M	  63	 3	0115
N	  47	 3	0116
O	  47	 3	0117
P	  47	 3	0120
Q	  47	 3	0121
R	  47	 3	0122
S	  47	 3	0123
T	  45	 3	0124
U	  47	 3	0125
V	  47	 3	0126
W	  65	 3	0127
X	  47	 3	0130
Y	  47	 3	0131
Z	  47	 3	0132
`	  23	 3	0140
