





1	      4		    6		  4		5

2	      1		    1		  1		1

3	      2		    2		  2		2

4	      3		    3		  3		3

5	      5		    4		  6		4

6	      1		    1		  1		1

7	      2		    2		  2		2

8	      3		    3		  3		3

9	      4		    5		  4		6

1	      1		    1		  1		1

2	      2		    2		  2		2

3	      3		    3		  3		3

4	      7		    4		  5		4

1	      1		    1		  1		1

2	      2		    2		  2		2

3	      3		    3		  3		3

5	      4		    8		  4		5

1	      1		    1		  1		1

2	      2		    2		  2		2

3	      3		    3		  3		3

4	      5		    4		  7		4

1	      1		    1		  1		1

2	      2		    2		  2		2

3	      3		    3		  3		3

6	      4		    5		  4		9

1	      1		    1		  1

2	      2		    2		  2

3	      3		    3		  3





