# Font /usr/lib/vfont/basker.r.12, max width 31, max height 30
name br
ligatures ff fl fi ffl ffi 0
# char	width	u/d	octal
charset
\|	  17	 0	00
\^	   8	 0	00
da	  42	 3	01
*a	  48	 3	02
*b	  48	 3	03
an	  51	 3	04
em	  63	 3	05
*p	  48	 3	07
*l	  48	 3	010
ua	  42	 3	013
+-	  48	 3	014
if	  75	 3	016
pd	  45	 3	017
sb	  51	 3	020
sp	  51	 3	021
ca	  39	 3	022
cu	  39	 3	023
fa	  54	 3	024
te	  51	 3	025
OX	  48	 3	026
<>	  60	 3	027
<-	  54	 3	030
->	  54	 3	031
Fi	  75	 3	032
ap	  48	 3	033
<=	  45	 3	034
ff	  60	 3	035
fi	  48	 3	036
fl	  51	 3	037
!	  18	 3	041
"	  33	 3	042
#	  42	 3	043
$	  42	 3	044
%	  48	 3	045
&	  63	 3	046
'	  18	 3	047
(	  27	 3	050
)	  27	 3	051
*	  36	 3	052
+	  39	 3	053
,	  18	 3	054
-	  30	 3	055
hy	"
\-	"
.	  18	 3	056
/	  30	 3	057
0	  42	 3	060
1	  27	 3	061
2	  45	 3	062
3	  39	 3	063
4	  45	 3	064
5	  39	 3	065
6	  45	 3	066
7	  39	 3	067
8	  45	 3	070
9	  42	 3	071
:	  18	 3	072
;	  18	 3	073
<	  45	 3	074
=	  45	 3	075
>	  45	 3	076
?	  33	 3	077
@	  48	 3	0100
A	  66	 3	0101
B	  66	 3	0102
C	  66	 3	0103
D	  69	 3	0104
E	  60	 3	0105
F	  54	 3	0106
G	  72	 3	0107
H	  75	 3	0110
I	  33	 3	0111
J	  45	 3	0112
K	  75	 3	0113
L	  60	 3	0114
M	  87	 3	0115
N	  72	 3	0116
O	  78	 3	0117
P	  60	 3	0120
Q	  75	 3	0121
R	  66	 3	0122
S	  51	 3	0123
T	  69	 3	0124
U	  72	 3	0125
V	  75	 3	0126
W	  93	 3	0127
X	  75	 3	0130
Y	  66	 3	0131
Z	  54	 3	0132
[	  27	 3	0133
\	  30	 3	0134
]	  27	 3	0135
^	  57	 3	0136
_	  42	 3	0137
\_	"
`	  15	 3	0140
a	  45	 3	0141
b	  51	 3	0142
c	  36	 3	0143
d	  51	 3	0144
e	  39	 3	0145
f	  39	 3	0146
g	  48	 3	0147
h	  54	 3	0150
i	  27	 3	0151
j	  33	 3	0152
k	  48	 3	0153
l	  24	 3	0154
m	  72	 3	0155
n	  51	 3	0156
o	  45	 3	0157
p	  51	 3	0160
q	  45	 3	0161
r	  36	 3	0162
s	  33	 3	0163
t	  27	 3	0164
u	  51	 3	0165
v	  51	 3	0166
w	  63	 3	0167
x	  51	 3	0170
y	  42	 3	0171
z	  39	 3	0172
{	  33	 3	0173
|	  18	 3	0174
}	  30	 3	0175
~	  57	 3	0176
is	  66	 3	0177
