# Font /usr/lib/vfont/playbill.10, max width 16, max height 36
name pb
# char	width	u/d	octal
charset
\|	  17	 0	00
\^	   8	 0	00
!=	  36	 3	032
<=	  47	 3	034
>=	  47	 3	035
!	  22	 3	041
"	  32	 3	042
$	  43	 3	044
%	  47	 3	045
&	  50	 3	046
'	  22	 3	047
(	  40	 3	050
)	  40	 3	051
*	  40	 3	052
+	  36	 3	053
,	  25	 3	054
-	  36	 3	055
hy	"
\-	"
.	  18	 3	056
/	  43	 3	057
0	  32	 3	060
1	  32	 3	061
2	  40	 3	062
3	  40	 3	063
:	  18	 3	072
;	  25	 3	073
<	  43	 3	074
=	  36	 3	075
>	  43	 3	076
?	  32	 3	077
A	  43	 3	0101
B	  40	 3	0102
C	  36	 3	0103
D	  43	 3	0104
E	  40	 3	0105
F	  40	 3	0106
G	  40	 3	0107
H	  58	 3	0110
I	  29	 3	0111
J	  40	 3	0112
K	  43	 3	0113
L	  40	 3	0114
M	  54	 3	0115
N	  47	 3	0116
O	  36	 3	0117
P	  40	 3	0120
Q	  40	 3	0121
R	  47	 3	0122
S	  36	 3	0123
T	  47	 3	0124
U	  36	 3	0125
V	  50	 3	0126
W	  54	 3	0127
X	  43	 3	0130
Y	  50	 3	0131
Z	  36	 3	0132
[	  40	 3	0133
]	  43	 3	0135
a	  40	 3	0141
b	  36	 3	0142
c	  36	 3	0143
d	  36	 3	0144
e	  36	 3	0145
f	  32	 3	0146
g	  43	 3	0147
h	  40	 3	0150
i	  32	 3	0151
j	  29	 3	0152
k	  43	 3	0153
l	  25	 3	0154
m	  54	 3	0155
n	  36	 3	0156
o	  29	 3	0157
p	  32	 3	0160
q	  32	 3	0161
r	  36	 3	0162
s	  36	 3	0163
t	  32	 3	0164
u	  43	 3	0165
v	  29	 3	0166
w	  50	 3	0167
x	  36	 3	0170
y	  36	 3	0171
z	  32	 3	0172
