# Font /usr/lib/vfont/sign.22, max width 95, max height 57
name sg
# char	width	u/d	octal
charset
\|	  17	 0	00
\^	   8	 0	00
<-	  74	 3	030
->	  74	 3	031
!	  33	 3	041
'	  23	 3	047
*	  44	 3	052
,	  23	 3	054
-	  41	 3	055
hy	"
\-	"
.	  23	 3	056
/	  61	 3	057
0	  82	 3	060
1	  82	 3	061
2	  82	 3	062
3	  82	 3	063
4	  82	 3	064
5	  82	 3	065
6	  82	 3	066
7	  82	 3	067
8	  82	 3	070
9	  82	 3	071
:	  23	 3	072
;	  23	 3	073
=	  41	 3	075
A	  98	 3	0101
B	  82	 3	0102
C	  77	 3	0103
D	  82	 3	0104
E	  82	 3	0105
F	  82	 3	0106
G	  77	 3	0107
H	  92	 3	0110
I	  44	 3	0111
J	  82	 3	0112
K	  93	 3	0113
L	  82	 3	0114
M	 126	 3	0115
N	 106	 3	0116
O	  82	 3	0117
P	  82	 3	0120
Q	  82	 3	0121
R	  82	 3	0122
S	  75	 3	0123
T	  88	 3	0124
U	  87	 3	0125
V	  97	 3	0126
W	 155	 3	0127
X	 100	 3	0130
Y	  83	 3	0131
Z	  92	 3	0132
l	  75	 3	0154
r	  77	 3	0162
