# Font /usr/lib/vfont/times.r.36, max width 103, max height 106
name tr
# char	width	u/d	octal
charset
\|	  17	 0	00
\^	   8	 0	00
ru	  50	 0	05
em	 100	 0	06
bu	  52	 2	07
sq	  52	 2	010
de	  35	 2	013
dg	  50	 2	014
fm	  35	 2	015
co	  56	 2	016
rg	  56	 2	017
ct	  65	 2	020
14	  59	 2	021
12	  59	 2	022
34	  59	 2	023
!	  33	 2	041
"	  35	 2	042
#	  78	 2	043
$	  50	 2	044
%	  91	 2	045
&	  80	 2	046
'	  28	 2	047
(	  39	 3	050
)	  39	 3	051
*	  50	 2	052
+	  87	 2	053
,	  33	 1	054
-	  33	 0	055
hy	"
.	  33	 0	056
/	  28	 2	057
0	  50	 2	060
1	  50	 2	061
2	  50	 2	062
3	  50	 2	063
4	  50	 2	064
5	  50	 2	065
6	  50	 2	066
7	  50	 2	067
8	  50	 2	070
9	  50	 2	071
:	  28	 0	072
;	  28	 1	073
<	  87	 2	074
=	  87	 0	075
>	  87	 2	076
?	  44	 2	077
@	  93	 2	0100
A	  81	 2	0101
B	  65	 2	0102
C	  70	 2	0103
D	  76	 2	0104
E	  69	 2	0105
F	  59	 2	0106
G	  81	 2	0107
H	  81	 2	0110
I	  35	 2	0111
J	  41	 2	0112
K	  76	 2	0113
L	  65	 2	0114
M	  93	 2	0115
N	  76	 2	0116
O	  78	 2	0117
P	  57	 2	0120
Q	  78	 2	0121
R	  76	 2	0122
S	  50	 2	0123
T	  65	 2	0124
U	  80	 2	0125
V	  76	 2	0126
W	  98	 2	0127
X	  76	 2	0130
Y	  76	 2	0131
Z	  70	 2	0132
[	  33	 3	0133
\	  30	 2	0134
]	  33	 3	0135
^	  33	 2	0136
_	  50	 0	0137
\_	"
`	  28	 2	0140
a	  48	 0	0141
b	  52	 2	0142
c	  43	 0	0143
d	  54	 2	0144
e	  46	 0	0145
f	  33	 2	0146
g	  48	 1	0147
h	  54	 2	0150
i	  28	 2	0151
j	  28	 3	0152
k	  54	 2	0153
l	  26	 2	0154
m	  81	 0	0155
n	  54	 0	0156
o	  52	 0	0157
p	  52	 1	0160
q	  54	 1	0161
r	  37	 0	0162
s	  35	 0	0163
t	  31	 2	0164
u	  54	 0	0165
v	  48	 0	0166
w	  70	 0	0167
x	  48	 0	0170
y	  48	 1	0171
z	  43	 0	0172
{	  33	 3	0173
|	  15	 3	0174
}	  33	 3	0175
~	  33	 2	0176
