# Font /usr/lib/vfont/basker.i.12, max width 30, max height 30
name bi
ligatures ff fl fi ffl ffi 0
# char	width	u/d	octal
charset
\|	  17	 0	00
\^	   8	 0	00
da	  42	 3	01
*a	  69	 3	02
*b	  63	 3	03
an	  54	 3	04
em	  60	 3	05
*p	  51	 3	07
*l	  48	 3	010
ua	  45	 3	013
+-	  51	 3	014
if	  72	 3	016
pd	  48	 3	017
sb	  51	 3	020
sp	  51	 3	021
ca	  42	 3	022
cu	  42	 3	023
fa	  51	 3	024
te	  48	 3	025
OX	  51	 3	026
<>	  57	 3	027
<-	  57	 3	030
->	  57	 3	031
Fi	  72	 3	032
<=	  45	 3	034
ff	  54	 3	035
fi	  51	 3	036
fl	  57	 3	037
!	  33	 3	041
"	  33	 3	042
#	  51	 3	043
$	  54	 3	044
%	  48	 3	045
&	  78	 3	046
'	  21	 3	047
(	  33	 3	050
)	  33	 3	051
*	  42	 3	052
+	  39	 3	053
,	  30	 3	054
-	  27	 3	055
hy	"
\-	"
.	  18	 3	056
/	  30	 3	057
0	  51	 3	060
1	  36	 3	061
2	  51	 3	062
3	  54	 3	063
4	  45	 3	064
5	  51	 3	065
6	  51	 3	066
7	  42	 3	067
8	  51	 3	070
9	  42	 3	071
:	  18	 3	072
;	  27	 3	073
<	  45	 3	074
=	  51	 3	075
>	  45	 3	076
?	  33	 3	077
@	  57	 3	0100
A	  60	 3	0101
B	  60	 3	0102
C	  57	 3	0103
D	  69	 3	0104
E	  63	 3	0105
F	  66	 3	0106
G	  63	 3	0107
H	  81	 3	0110
I	  36	 3	0111
J	  63	 3	0112
K	  72	 3	0113
L	  60	 3	0114
M	  90	 3	0115
N	  84	 3	0116
O	  63	 3	0117
P	  66	 3	0120
Q	  63	 3	0121
R	  69	 3	0122
S	  54	 3	0123
T	  63	 3	0124
U	  66	 3	0125
V	  60	 3	0126
W	  90	 3	0127
X	  69	 3	0130
Y	  57	 3	0131
Z	  54	 3	0132
[	  48	 3	0133
\	  42	 3	0134
]	  48	 3	0135
_	  42	 3	0137
\_	"
`	  21	 3	0140
a	  45	 3	0141
b	  36	 3	0142
c	  33	 3	0143
d	  51	 3	0144
e	  36	 3	0145
f	  33	 3	0146
g	  45	 3	0147
h	  45	 3	0150
i	  27	 3	0151
j	  30	 3	0152
k	  45	 3	0153
l	  27	 3	0154
m	  63	 3	0155
n	  51	 3	0156
o	  36	 3	0157
p	  51	 3	0160
q	  42	 3	0161
r	  36	 3	0162
s	  36	 3	0163
t	  30	 3	0164
u	  51	 3	0165
v	  42	 3	0166
w	  60	 3	0167
x	  45	 3	0170
y	  39	 3	0171
z	  39	 3	0172
{	  33	 3	0173
|	  18	 3	0174
}	  33	 3	0175
~	  51	 3	0176
