# Font /usr/lib/vfont/cm.i.12, max width 39, max height 36
name ci
# char	width	u/d	octal
charset
\|	  17	 0	0134
\^	   8	 0	0134
*G	  63	 2	00
*D	  90	 2	01
*H	  78	 2	02
*L	  66	 2	03
*C	  72	 2	04
*P	  87	 2	05
*S	  84	 2	06
*U	  63	 2	07
*F	  72	 2	010
*Q	  69	 2	011
*W	  75	 2	012
fm	  57	 1	015
co	  45	 2	016
rg	  45	 0	017
ct	  36	 3	020
14	  57	 1	021
12	  48	 2	022
34	  39	 0	023
!	  30	 2	041
"	  54	 2	042
fm	  45	 2	043
%	  63	 2	045
&	  78	 2	046
'	  30	 2	047
(	  36	 3	050
)	  36	 3	051
*	  54	 2	052
+	 108	 3	053
,	  30	 1	054
-	  36	 0	055
hy	"
.	  30	 0	056
/	  54	 3	057
0	  54	 2	060
1	  54	 2	061
2	  54	 2	062
3	  54	 2	063
4	  54	 3	064
5	  54	 2	065
6	  54	 2	066
7	  54	 2	067
8	  54	 2	070
9	  54	 2	071
:	  30	 0	072
;	  30	 1	073
<	 108	 2	074
=	 108	 0	075
>	 108	 2	076
?	  54	 2	077
@	  45	 1	0100
A	  78	 2	0101
*A	"
B	  78	 2	0102
*B	"
C	  78	 2	0103
D	  90	 2	0104
E	  78	 2	0105
*E	"
F	  69	 2	0106
G	  84	 2	0107
H	  87	 2	0110
*Y	"
I	  45	 2	0111
*I	"
J	  60	 2	0112
K	  93	 2	0113
*K	"
L	  72	 2	0114
M	 108	 2	0115
*M	"
N	  90	 2	0116
*N	"
O	  81	 2	0117
*O	"
P	  66	 2	0120
*R	"
Q	  84	 3	0121
R	  84	 2	0122
S	  63	 2	0123
T	  63	 2	0124
*T	"
U	  75	 2	0125
V	  66	 2	0126
W	  93	 2	0127
X	  90	 2	0130
*X	"
Y	  63	 2	0131
Z	  69	 2	0132
*Z	"
[	  30	 3	0133
]	  30	 3	0135
`	  30	 2	0140
a	  57	 0	0141
b	  48	 2	0142
c	  45	 0	0143
d	  57	 2	0144
e	  45	 0	0145
f	  54	 3	0146
g	  48	 1	0147
h	  63	 2	0150
i	  36	 2	0151
j	  45	 3	0152
k	  57	 2	0153
l	  33	 2	0154
m	  96	 0	0155
n	  66	 0	0156
o	  54	 0	0157
p	  57	 1	0160
q	  54	 1	0161
r	  45	 0	0162
s	  51	 0	0163
t	  39	 2	0164
u	  63	 0	0165
v	  51	 0	0166
w	  75	 0	0167
x	  60	 0	0170
y	  51	 1	0171
z	  51	 0	0172
{	  69	 3	0173
|	  66	 0	0174
}	  78	 1	0175
~	  63	 2	0176
