# Font /usr/lib/vfont/fix.14, max width 25, max height 40
name CW
spacewidth 64
# char	width	u/d	octal
charset
\|	  64	 0	00
\^	   0	 0	00
cu	  64	 3	023
fa	  64	 3	024
te	  64	 3	025
OX	  64	 3	026
<>	  64	 3	027
<-	  64	 3	030
->	  64	 3	031
!=	  64	 3	032
ap	  64	 3	033
<=	  64	 3	034
>=	  64	 3	035
==	  64	 3	036
or	  64	 3	037
!	  64	 3	041
"	  64	 3	042
#	  64	 3	043
$	  64	 3	044
%	  64	 3	045
&	  64	 3	046
'	  64	 3	047
(	  64	 3	050
)	  64	 3	051
*	  64	 3	052
+	  64	 3	053
,	  64	 3	054
-	  64	 3	055
hy	"
\-	"
.	  64	 3	056
/	  64	 3	057
0	  64	 3	060
1	  64	 3	061
2	  64	 3	062
3	  64	 3	063
4	  64	 3	064
5	  64	 3	065
6	  64	 3	066
7	  64	 3	067
8	  64	 3	070
9	  64	 3	071
:	  64	 3	072
;	  64	 3	073
<	  64	 3	074
=	  64	 3	075
>	  64	 3	076
?	  64	 3	077
@	  64	 3	0100
A	  64	 3	0101
B	  64	 3	0102
C	  64	 3	0103
D	  64	 3	0104
E	  64	 3	0105
F	  64	 3	0106
G	  64	 3	0107
H	  64	 3	0110
I	  64	 3	0111
J	  64	 3	0112
K	  64	 3	0113
L	  64	 3	0114
M	  64	 3	0115
N	  64	 3	0116
O	  64	 3	0117
P	  64	 3	0120
Q	  64	 3	0121
R	  64	 3	0122
S	  64	 3	0123
T	  64	 3	0124
U	  64	 3	0125
V	  64	 3	0126
W	  64	 3	0127
X	  64	 3	0130
Y	  64	 3	0131
Z	  64	 3	0132
[	  64	 3	0133
\	  64	 3	0134
]	  64	 3	0135
^	  64	 3	0136
_	  64	 3	0137
\_	"
`	  64	 3	0140
a	  64	 3	0141
b	  64	 3	0142
c	  64	 3	0143
d	  64	 3	0144
e	  64	 3	0145
f	  64	 3	0146
g	  64	 3	0147
h	  64	 3	0150
i	  64	 3	0151
j	  64	 3	0152
k	  64	 3	0153
l	  64	 3	0154
m	  64	 3	0155
n	  64	 3	0156
o	  64	 3	0157
p	  64	 3	0160
q	  64	 3	0161
r	  64	 3	0162
s	  64	 3	0163
t	  64	 3	0164
u	  64	 3	0165
v	  64	 3	0166
w	  64	 3	0167
x	  64	 3	0170
y	  64	 3	0171
z	  64	 3	0172
{	  64	 3	0173
|	  64	 3	0174
}	  64	 3	0175
~	  64	 3	0176
is	  64	 3	0177
