# Font /usr/lib/vfont/delegate.r.12, max width 17, max height 25
name dr
spacewidth 51
# char	width	u/d	octal
charset
\|	  51	 0	015
\^	   0	 0	015
da	  51	 3	01
*a	  51	 3	02
*b	  51	 3	03
an	  51	 3	04
no	  51	 3	05
mo	  51	 3	06
*p	  51	 3	07
*l	  51	 3	010
*g	  51	 3	011
*d	  51	 3	012
ua	  51	 3	013
+-	  51	 3	014
if	  51	 3	016
pd	  51	 3	017
sb	  51	 3	020
sp	  51	 3	021
ca	  51	 3	022
cu	  51	 3	023
fa	  51	 3	024
te	  51	 3	025
OX	  51	 3	026
<>	  51	 3	027
<-	  51	 3	030
->	  51	 3	031
!=	  51	 3	032
ap	  51	 3	033
<=	  51	 3	034
>=	  51	 3	035
==	  51	 3	036
or	  51	 3	037
!	  51	 3	041
"	  51	 3	042
#	  51	 3	043
$	  51	 3	044
%	  51	 3	045
&	  51	 3	046
'	  51	 3	047
(	  51	 3	050
)	  51	 3	051
*	  51	 3	052
+	  51	 3	053
,	  51	 3	054
-	  51	 3	055
hy	"
\-	"
.	  51	 3	056
/	  51	 3	057
0	  51	 3	060
1	  51	 3	061
2	  51	 3	062
3	  51	 3	063
4	  51	 3	064
5	  51	 3	065
6	  51	 3	066
7	  51	 3	067
8	  51	 3	070
9	  51	 3	071
:	  51	 3	072
;	  51	 3	073
<	  51	 3	074
=	  51	 3	075
>	  51	 3	076
?	  51	 3	077
@	  51	 3	0100
A	  51	 3	0101
B	  51	 3	0102
C	  51	 3	0103
D	  51	 3	0104
E	  51	 3	0105
F	  51	 3	0106
G	  51	 3	0107
H	  51	 3	0110
I	  51	 3	0111
J	  51	 3	0112
K	  51	 3	0113
L	  51	 3	0114
M	  51	 3	0115
N	  51	 3	0116
O	  51	 3	0117
P	  51	 3	0120
Q	  51	 3	0121
R	  51	 3	0122
S	  51	 3	0123
T	  51	 3	0124
U	  51	 3	0125
V	  51	 3	0126
W	  51	 3	0127
X	  51	 3	0130
Y	  51	 3	0131
Z	  51	 3	0132
[	  51	 3	0133
\	  51	 3	0134
]	  51	 3	0135
^	  51	 3	0136
_	  51	 3	0137
\_	"
`	  51	 3	0140
a	  51	 3	0141
b	  51	 3	0142
c	  51	 3	0143
d	  51	 3	0144
e	  51	 3	0145
f	  51	 3	0146
g	  51	 3	0147
h	  51	 3	0150
i	  51	 3	0151
j	  51	 3	0152
k	  51	 3	0153
l	  51	 3	0154
m	  51	 3	0155
n	  51	 3	0156
o	  51	 3	0157
p	  51	 3	0160
q	  51	 3	0161
r	  51	 3	0162
s	  51	 3	0163
t	  51	 3	0164
u	  51	 3	0165
v	  51	 3	0166
w	  51	 3	0167
x	  51	 3	0170
y	  51	 3	0171
z	  51	 3	0172
{	  51	 3	0173
|	  51	 3	0174
}	  51	 3	0175
~	  51	 3	0176
??	  51	 3	0177
