# Font /usr/lib/vfont/graphics.14, max width 35, max height 16
name gf
spacewidth 41
# char	width	u/d	octal
charset
\|	  41	 0	040
\^	   0	 0	040
da	  41	 3	01
*a	  41	 0	02
*b	  41	 3	03
an	  41	 0	04
no	  41	 3	05
mo	  41	 3	06
*p	  41	 1	07
*l	  41	 3	010
*g	  41	 2	011
*d	  41	 2	012
ua	  41	 2	013
+-	  41	 2	014
O+	  41	 2	015
if	  41	 0	016
pd	  41	 2	017
sb	  41	 1	020
sp	  41	 1	021
ca	  41	 3	022
cu	  41	 3	023
fa	  41	 2	024
te	  41	 3	025
OX	  41	 3	026
<>	  41	 0	027
<-	  41	 0	030
->	  41	 0	031
!=	  41	 3	032
ap	  41	 0	033
<=	  41	 1	034
>=	  41	 1	035
==	  41	 2	036
or	  41	 0	037
!	  41	 2	041
"	  41	 2	042
#	  41	 0	043
$	  41	 2	044
%	  41	 2	045
&	  41	 3	046
'	  41	 2	047
(	  41	 2	050
)	  41	 2	051
*	  41	 2	052
+	  41	 0	053
,	  41	 0	054
-	  41	 0	055
\-	"
.	  41	 0	056
/	  41	 3	057
0	  41	 2	060
1	  41	 2	061
2	  41	 2	062
3	  41	 2	063
4	  41	 2	064
5	  41	 2	065
6	  41	 2	066
7	  41	 2	067
8	  41	 2	070
9	  41	 2	071
:	  41	 0	072
;	  41	 0	073
<	  41	 0	074
=	  41	 0	075
>	  41	 0	076
?	  41	 2	077
@	  41	 0	0100
A	  41	 2	0101
B	  41	 2	0102
C	  41	 2	0103
D	  41	 2	0104
E	  41	 2	0105
F	  41	 2	0106
G	  41	 2	0107
H	  41	 2	0110
I	  41	 2	0111
J	  41	 2	0112
K	  41	 2	0113
L	  41	 2	0114
M	  41	 2	0115
N	  41	 2	0116
O	  41	 2	0117
P	  41	 2	0120
Q	  41	 2	0121
R	  41	 2	0122
S	  41	 2	0123
T	  41	 2	0124
U	  41	 2	0125
V	  41	 2	0126
W	  41	 2	0127
X	  41	 2	0130
Y	  41	 2	0131
Z	  41	 2	0132
[	  41	 2	0133
\	  41	 3	0134
]	  41	 2	0135
^	  41	 3	0136
_	  41	 0	0137
`	  41	 2	0140
a	  41	 0	0141
b	  41	 2	0142
c	  41	 0	0143
d	  41	 2	0144
e	  41	 0	0145
f	  41	 2	0146
g	  41	 0	0147
h	  41	 2	0150
i	  41	 2	0151
j	  41	 2	0152
k	  41	 2	0153
l	  41	 2	0154
m	  41	 0	0155
n	  41	 0	0156
o	  41	 0	0157
p	  41	 0	0160
q	  41	 0	0161
r	  41	 0	0162
s	  41	 0	0163
t	  41	 2	0164
u	  41	 0	0165
v	  41	 0	0166
w	  41	 0	0167
x	  41	 0	0170
y	  41	 0	0171
z	  41	 0	0172
{	  41	 2	0173
|	  41	 2	0174
}	  41	 2	0175
~	  41	 2	0176
??	  41	 2	0177
