# Font /usr/lib/vfont/greek.10, max width 26, max height 29
name gk
# char	width	u/d	octal
charset
\|	  17	 0	00
\^	   8	 0	00
A	  76	 2	0101
B	  79	 2	0102
C	  90	 2	0103
D	  65	 2	0104
E	  79	 2	0105
F	  72	 2	0106
G	  65	 2	0107
H	  86	 2	0110
I	  47	 2	0111
J	  61	 1	0112
K	  86	 2	0113
L	  68	 2	0114
M	  94	 2	0115
N	  86	 2	0116
O	  65	 2	0117
P	  76	 2	0120
Q	  65	 2	0121
R	  76	 2	0122
S	  65	 2	0123
T	  79	 2	0124
U	  68	 2	0125
W	  68	 2	0127
X	  72	 2	0130
Y	  83	 2	0131
Z	  65	 2	0132
a	  54	 0	0141
b	  50	 3	0142
c	  61	 1	0143
d	  47	 2	0144
e	  40	 0	0145
f	  61	 3	0146
g	  61	 1	0147
h	  47	 1	0150
i	  29	 0	0151
j	  65	 2	0152
k	  43	 0	0153
l	  47	 2	0154
m	  50	 1	0155
n	  40	 0	0156
o	  47	 0	0157
p	  61	 0	0160
q	  43	 2	0161
r	  50	 1	0162
s	  50	 0	0163
t	  50	 0	0164
u	  43	 0	0165
v	  36	 0	0166
w	  61	 0	0167
x	  40	 3	0170
y	  65	 3	0171
z	  47	 3	0172
