# Font /usr/lib/vfont/I.36, max width 64, max height 40
name I
ligatures ff fl fi ffl ffi 0
# char	width	u/d	octal
charset
\|	  17	 0	00
\^	   8	 0	00
fi	  72	 3	01
fl	  72	 3	02
ff	  77	 3	03
\-	  71	 0	04
ru	  54	 0	05
em	  84	 0	06
bu	  24	 0	07
sq	  24	 0	010
Fi	  40	 3	011
Fl	  40	 3	012
de	  42	 2	013
dg	  47	 3	014
fm	  24	 2	015
co	  58	 2	016
rg	  58	 2	017
ct	  58	 2	020
14	  65	 3	021
12	  65	 3	022
34	  65	 3	023
!	  29	 2	041
"	  47	 2	042
#	  63	 3	043
$	  60	 2	044
%	  71	 2	045
&	  74	 2	046
'	  29	 2	047
(	  42	 3	050
)	  42	 3	051
*	  50	 2	052
+	  74	 2	053
,	  29	 0	054
-	  43	 0	055
hy	"
.	  29	 0	056
/	  66	 2	057
0	  60	 2	060
1	  60	 2	061
2	  60	 2	062
3	  60	 2	063
4	  60	 2	064
5	  60	 2	065
6	  60	 2	066
7	  60	 2	067
8	  60	 2	070
9	  60	 2	071
:	  29	 0	072
;	  29	 0	073
<	  71	 2	074
=	  74	 0	075
>	  71	 2	076
?	  53	 2	077
@	  81	 2	0100
A	  63	 2	0101
B	  69	 2	0102
C	  66	 2	0103
D	  69	 2	0104
E	  66	 2	0105
F	  63	 2	0106
G	  72	 2	0107
H	  75	 2	0110
I	  34	 2	0111
J	  47	 2	0112
K	  69	 2	0113
L	  57	 2	0114
M	  79	 2	0115
N	  72	 2	0116
O	  69	 2	0117
P	  69	 2	0120
Q	  69	 3	0121
R	  69	 2	0122
S	  63	 2	0123
T	  60	 2	0124
U	  75	 2	0125
V	  63	 2	0126
W	  75	 2	0127
X	  63	 2	0130
Y	  66	 2	0131
Z	  63	 2	0132
[	  42	 3	0133
\	  52	 2	0134
]	  42	 3	0135
^	  66	 0	0136
_	  74	 0	0137
\_	"
`	  29	 2	0140
a	  63	 0	0141
b	  57	 2	0142
c	  53	 0	0143
d	  63	 2	0144
e	  53	 0	0145
f	  47	 3	0146
g	  59	 1	0147
h	  63	 2	0150
i	  38	 2	0151
j	  38	 3	0152
k	  59	 2	0153
l	  36	 2	0154
m	  99	 0	0155
n	  68	 0	0156
o	  53	 0	0157
p	  63	 1	0160
q	  59	 1	0161
r	  51	 0	0162
s	  51	 0	0163
t	  42	 2	0164
u	  68	 0	0165
v	  59	 0	0166
w	  85	 0	0167
x	  59	 0	0170
y	  63	 1	0171
z	  59	 0	0172
{	  42	 3	0173
|	  24	 3	0174
}	  42	 3	0175
~	  71	 0	0176
