# Font /usr/lib/vfont/ugramma.10, max width 28, max height 25
name m
# char	width	u/d	octal
charset
\|	  17	 0	00
\^	   8	 0	00
da	  58	 3	01
*a	  79	 3	02
*b	  72	 3	03
an	  61	 3	04
no	  43	 3	05
mo	  43	 3	06
*p	  58	 3	07
*l	  54	 3	010
ua	  50	 3	013
if	  83	 3	016
pd	  54	 3	017
sb	  61	 3	020
sp	  61	 3	021
ca	  54	 3	022
cu	  54	 3	023
fa	  58	 3	024
te	  54	 3	025
OX	  58	 3	026
<>	  65	 3	027
<-	  65	 3	030
->	  65	 3	031
!=	  58	 3	032
<=	  50	 3	034
>=	  50	 3	035
==	  43	 3	036
or	  61	 3	037
!	  25	 3	041
"	  40	 3	042
#	  58	 3	043
$	  72	 3	044
%	  72	 3	045
&	  72	 3	046
'	  25	 3	047
(	  32	 3	050
)	  32	 3	051
*	  54	 3	052
+	  54	 3	053
,	  25	 3	054
-	  47	 3	055
hy	"
\-	"
.	  25	 3	056
/	  47	 3	057
0	  72	 3	060
1	  36	 3	061
2	  68	 3	062
3	  68	 3	063
4	  68	 3	064
5	  68	 3	065
6	  68	 3	066
7	  68	 3	067
8	  68	 3	070
9	  68	 3	071
:	  25	 3	072
;	  25	 3	073
<	  58	 3	074
=	  47	 3	075
>	  58	 3	076
?	  72	 3	077
@	  72	 3	0100
A	  68	 3	0101
B	  68	 3	0102
C	  72	 3	0103
D	  72	 3	0104
E	  68	 3	0105
F	  68	 3	0106
G	  72	 3	0107
H	  72	 3	0110
I	  29	 3	0111
J	  65	 3	0112
K	  68	 3	0113
L	  65	 3	0114
M	  90	 3	0115
N	  68	 3	0116
O	  72	 3	0117
P	  68	 3	0120
Q	  76	 3	0121
R	  72	 3	0122
S	  72	 3	0123
T	  72	 3	0124
U	  72	 3	0125
V	  79	 3	0126
W	 101	 3	0127
X	  72	 3	0130
Y	  72	 3	0131
Z	  68	 3	0132
[	  36	 3	0133
\	  47	 3	0134
]	  36	 3	0135
_	 101	 3	0137
\_	"
\_	"
ul	"
`	  25	 3	0140
a	  58	 3	0141
b	  61	 3	0142
c	  58	 3	0143
d	  61	 3	0144
e	  58	 3	0145
f	  43	 3	0146
g	  61	 3	0147
h	  61	 3	0150
i	  25	 3	0151
j	  32	 3	0152
k	  50	 3	0153
l	  25	 3	0154
m	  83	 3	0155
n	  58	 3	0156
o	  61	 3	0157
p	  61	 3	0160
q	  61	 3	0161
r	  43	 3	0162
s	  61	 3	0163
t	  40	 3	0164
u	  61	 3	0165
v	  54	 3	0166
w	  90	 3	0167
x	  54	 3	0170
y	  54	 3	0171
z	  50	 3	0172
{	  40	 3	0173
|	  25	 3	0174
}	  40	 3	0175
~	  58	 3	0176
??	  58	 3	0177
