# Font /usr/lib/vfont/meteor.r.12, max width 34, max height 35
name mr
# char	width	u/d	octal
charset
\|	  17	 0	01
\^	   8	 0	01
??	  30	 3	00
ul	  99	 3	030
!	  24	 3	041
"	  45	 3	042
#	  78	 3	043
$	  69	 3	044
%	  78	 3	045
&	  78	 3	046
'	  24	 3	047
(	  48	 3	050
)	  48	 3	051
*	  48	 3	052
+	  57	 3	053
,	  27	 3	054
-	  54	 3	055
hy	"
.	  27	 3	056
/	  54	 3	057
0	  63	 3	060
1	  63	 3	061
2	  63	 3	062
3	  63	 3	063
4	  63	 3	064
5	  63	 3	065
6	  63	 3	066
7	  63	 3	067
8	  63	 3	070
9	  63	 3	071
:	  27	 3	072
;	  27	 3	073
<	  54	 3	074
=	  54	 3	075
>	  54	 3	076
?	  60	 3	077
@	  69	 3	0100
A	  72	 3	0101
B	  69	 3	0102
C	  60	 3	0103
D	  69	 3	0104
E	  66	 3	0105
F	  63	 3	0106
G	  66	 3	0107
H	  75	 3	0110
I	  36	 3	0111
J	  51	 3	0112
K	  78	 3	0113
L	  57	 3	0114
M	  87	 3	0115
N	  72	 3	0116
O	  66	 3	0117
P	  63	 3	0120
Q	  66	 3	0121
R	  69	 3	0122
S	  54	 3	0123
T	  60	 3	0124
U	  72	 3	0125
V	  75	 3	0126
W	  99	 3	0127
X	  69	 3	0130
Y	  69	 3	0131
Z	  60	 3	0132
[	  48	 3	0133
\	  57	 3	0134
]	  48	 3	0135
^	  45	 3	0136
_	  57	 3	0137
\_	"
a	  51	 3	0141
b	  60	 3	0142
c	  51	 3	0143
d	  60	 3	0144
e	  51	 3	0145
f	  45	 3	0146
g	  60	 3	0147
h	  66	 3	0150
i	  36	 3	0151
j	  39	 3	0152
k	  66	 3	0153
l	  36	 3	0154
m	  90	 3	0155
n	  66	 3	0156
o	  57	 3	0157
p	  60	 3	0160
q	  60	 3	0161
r	  51	 3	0162
s	  45	 3	0163
t	  45	 3	0164
u	  66	 3	0165
v	  72	 3	0166
w	 102	 3	0167
x	  72	 3	0170
y	  69	 3	0171
z	  48	 3	0172
{	  57	 3	0173
|	  24	 3	0174
}	  57	 3	0175
~	  72	 3	0176
