# Font /usr/lib/vfont/nonie.i.12, max width 32, max height 35
name ni
# char	width	u/d	octal
charset
\|	  17	 0	01
\^	   8	 0	01
<-	  60	 3	030
!	  30	 3	041
"	  51	 3	042
#	  72	 3	043
$	  60	 3	044
%	  78	 3	045
&	  75	 3	046
'	  30	 3	047
(	  60	 3	050
)	  60	 3	051
*	  45	 3	052
+	  54	 3	053
,	  27	 3	054
-	  48	 3	055
hy	"
\-	"
.	  27	 3	056
/	  78	 3	057
0	  60	 3	060
1	  60	 3	061
2	  60	 3	062
3	  60	 3	063
4	  60	 3	064
5	  60	 3	065
6	  60	 3	066
7	  60	 3	067
8	  60	 3	070
9	  60	 3	071
:	  30	 3	072
;	  30	 3	073
<	  60	 3	074
=	  51	 3	075
>	  63	 3	076
?	  57	 3	077
@	  69	 3	0100
A	  60	 3	0101
B	  63	 3	0102
C	  63	 3	0103
D	  63	 3	0104
E	  60	 3	0105
F	  57	 3	0106
G	  66	 3	0107
H	  66	 3	0110
I	  36	 3	0111
J	  51	 3	0112
K	  63	 3	0113
L	  48	 3	0114
M	  87	 3	0115
N	  69	 3	0116
O	  72	 3	0117
P	  60	 3	0120
Q	  72	 3	0121
R	  63	 3	0122
S	  60	 3	0123
T	  51	 3	0124
U	  66	 3	0125
V	  60	 3	0126
W	  96	 3	0127
X	  57	 3	0130
Y	  51	 3	0131
Z	  60	 3	0132
[	  66	 3	0133
\	  39	 3	0134
]	  66	 3	0135
^	  45	 3	0136
_	  72	 3	0137
\_	"
ru	"
a	  51	 3	0141
b	  54	 3	0142
c	  54	 3	0143
d	  60	 3	0144
e	  54	 3	0145
f	  39	 3	0146
g	  57	 3	0147
h	  54	 3	0150
i	  30	 3	0151
j	  45	 3	0152
k	  48	 3	0153
l	  36	 3	0154
m	  78	 3	0155
n	  54	 3	0156
o	  57	 3	0157
p	  60	 3	0160
q	  57	 3	0161
r	  39	 3	0162
s	  48	 3	0163
t	  39	 3	0164
u	  54	 3	0165
v	  48	 3	0166
w	  75	 3	0167
x	  54	 3	0170
y	  57	 3	0171
z	  54	 3	0172
{	  66	 3	0173
|	  42	 3	0174
}	  66	 3	0175
~	  69	 3	0176
