# Font /usr/lib/vfont/oldenglish.18, max width 56, max height 43
name oe
# char	width	u/d	octal
charset
\|	  17	 0	00
\^	   8	 0	00
'	  22	 3	047
(	  30	 3	050
)	  30	 3	051
,	  28	 3	054
-	  38	 3	055
hy	"
.	  28	 3	056
0	  58	 3	060
1	  42	 3	061
2	  52	 3	062
3	  56	 3	063
4	  54	 3	064
5	  54	 3	065
6	  58	 3	066
7	  52	 3	067
8	  58	 3	070
9	  58	 3	071
?	  60	 3	077
A	  88	 3	0101
B	  86	 3	0102
C	  80	 3	0103
D	  88	 3	0104
E	  88	 3	0105
F	  88	 3	0106
G	  88	 3	0107
H	  96	 3	0110
I	  48	 3	0111
J	  60	 3	0112
K	  92	 3	0113
L	  74	 3	0114
M	 110	 3	0115
N	  92	 3	0116
O	  86	 3	0117
P	  84	 3	0120
Q	  86	 3	0121
R	  88	 3	0122
S	  84	 3	0123
T	  78	 3	0124
U	  90	 3	0125
V	  92	 3	0126
W	 112	 3	0127
X	  82	 3	0130
Y	  90	 3	0131
Z	  80	 3	0132
a	  54	 3	0141
b	  54	 3	0142
c	  42	 3	0143
d	  52	 3	0144
e	  50	 3	0145
f	  42	 3	0146
g	  52	 3	0147
h	  52	 3	0150
i	  24	 3	0151
j	  30	 3	0152
k	  56	 3	0153
l	  24	 3	0154
m	  82	 3	0155
n	  52	 3	0156
o	  46	 3	0157
p	  54	 3	0160
q	  48	 3	0161
r	  44	 3	0162
s	  52	 3	0163
t	  30	 3	0164
u	  52	 3	0165
v	  48	 3	0166
w	  76	 3	0167
x	  54	 3	0170
y	  52	 3	0171
z	  48	 3	0172
