# Font /usr/lib/vfont/bodoni.r.10, max width 25, max height 25
name or
# char	width	u/d	octal
charset
\|	  17	 0	011
\^	   8	 0	011
da	  50	 3	01
*a	  79	 3	02
*b	  72	 3	03
an	  61	 3	04
no	  43	 3	05
mo	  43	 3	06
*p	  58	 3	07
*l	  54	 3	010
ua	  50	 3	013
+-	  58	 3	014
if	  83	 3	016
pd	  54	 3	017
sb	  65	 3	020
sp	  72	 3	021
ca	  50	 3	022
cu	  50	 3	023
fa	  61	 3	024
te	  61	 3	025
OX	  58	 3	026
<>	  65	 3	027
<-	  65	 3	030
->	  65	 3	031
!=	  43	 3	032
ap	  58	 3	033
<=	  43	 3	034
>=	  43	 3	035
==	  43	 3	036
or	  61	 3	037
!	  25	 3	041
"	  40	 3	042
#	  47	 3	043
$	  47	 3	044
%	  54	 3	045
&	  68	 3	046
'	  25	 3	047
(	  29	 3	050
)	  29	 3	051
*	  61	 3	052
+	  47	 3	053
,	  22	 3	054
-	  47	 3	055
hy	"
\-	"
.	  22	 3	056
/	  47	 3	057
0	  47	 3	060
1	  47	 3	061
2	  47	 3	062
3	  47	 3	063
4	  47	 3	064
5	  47	 3	065
6	  47	 3	066
7	  47	 3	067
8	  47	 3	070
9	  47	 3	071
:	  25	 3	072
;	  25	 3	073
<	  43	 3	074
=	  43	 3	075
>	  43	 3	076
?	  40	 3	077
@	  72	 3	0100
A	  68	 3	0101
B	  65	 3	0102
C	  65	 3	0103
D	  76	 3	0104
E	  65	 3	0105
F	  58	 3	0106
G	  68	 3	0107
H	  72	 3	0110
I	  40	 3	0111
J	  50	 3	0112
K	  72	 3	0113
L	  58	 3	0114
M	  83	 3	0115
N	  76	 3	0116
O	  65	 3	0117
P	  61	 3	0120
Q	  65	 3	0121
R	  68	 3	0122
S	  50	 3	0123
T	  68	 3	0124
U	  68	 3	0125
V	  68	 3	0126
W	  90	 3	0127
X	  72	 3	0130
Y	  72	 3	0131
Z	  58	 3	0132
[	  36	 3	0133
\	  47	 3	0134
]	  36	 3	0135
_	  43	 3	0137
\_	"
ru	"
`	  25	 3	0140
a	  47	 3	0141
b	  54	 3	0142
c	  43	 3	0143
d	  50	 3	0144
e	  43	 3	0145
f	  40	 3	0146
g	  54	 3	0147
h	  54	 3	0150
i	  29	 3	0151
j	  29	 3	0152
k	  54	 3	0153
l	  29	 3	0154
m	  76	 3	0155
n	  50	 3	0156
o	  47	 3	0157
p	  50	 3	0160
q	  50	 3	0161
r	  43	 3	0162
s	  40	 3	0163
t	  40	 3	0164
u	  58	 3	0165
v	  50	 3	0166
w	  68	 3	0167
x	  50	 3	0170
y	  50	 3	0171
z	  43	 3	0172
{	  40	 3	0173
|	  22	 3	0174
}	  40	 3	0175
~	  58	 3	0176
