# Font /usr/lib/vfont/stare.b.16, max width 64, max height 40
name sb
ligatures ff fl fi ffl ffi 0
# char	width	u/d	octal
charset
\|	  17	 0	00
\^	   8	 0	00
fi	  61	 2	01
fl	  61	 2	02
ff	  63	 2	03
\-	  65	 0	04
ru	  50	 0	05
em	  77	 0	06
bu	  23	 0	07
sq	  23	 0	010
Fi	  83	 2	011
Fl	  83	 2	012
de	  38	 2	013
dg	  43	 3	014
fm	  23	 2	015
co	  54	 2	016
rg	  54	 2	017
ct	  54	 2	020
14	  59	 3	021
12	  59	 3	022
34	  59	 3	023
!	  27	 2	041
"	  43	 2	042
#	  59	 3	043
$	  56	 2	044
%	  65	 2	045
&	  68	 2	046
'	  27	 2	047
(	  38	 3	050
)	  38	 3	051
*	  47	 2	052
+	  68	 2	053
,	  27	 0	054
-	  41	 0	055
hy	"
.	  27	 0	056
/	  61	 2	057
0	  56	 2	060
1	  56	 2	061
2	  56	 2	062
3	  56	 2	063
4	  56	 2	064
5	  56	 2	065
6	  56	 2	066
7	  56	 2	067
8	  56	 2	070
9	  56	 2	071
:	  27	 0	072
;	  27	 0	073
<	  65	 2	074
=	  68	 0	075
>	  65	 2	076
?	  50	 2	077
@	  74	 2	0100
A	  59	 2	0101
B	  63	 2	0102
C	  61	 2	0103
D	  63	 2	0104
E	  61	 2	0105
F	  59	 2	0106
G	  68	 2	0107
H	  70	 2	0110
I	  32	 2	0111
J	  43	 2	0112
K	  63	 2	0113
L	  52	 2	0114
M	  72	 2	0115
N	  68	 2	0116
O	  63	 2	0117
P	  63	 2	0120
Q	  63	 2	0121
R	  63	 2	0122
S	  59	 2	0123
T	  56	 2	0124
U	  70	 2	0125
V	  59	 2	0126
W	  70	 2	0127
X	  59	 2	0130
Y	  61	 2	0131
Z	  59	 2	0132
[	  38	 3	0133
\	  47	 2	0134
]	  38	 3	0135
^	  61	 2	0136
_	  68	 0	0137
\_	"
`	  27	 2	0140
a	  56	 0	0141
b	  59	 2	0142
c	  52	 0	0143
d	  59	 2	0144
e	  52	 0	0145
f	  36	 2	0146
g	  52	 1	0147
h	  61	 2	0150
i	  29	 2	0151
j	  29	 3	0152
k	  59	 2	0153
l	  29	 2	0154
m	  83	 0	0155
n	  61	 0	0156
o	  56	 0	0157
p	  59	 1	0160
q	  56	 1	0161
r	  47	 0	0162
s	  47	 0	0163
t	  41	 2	0164
u	  61	 0	0165
v	  50	 0	0166
w	  65	 0	0167
x	  56	 0	0170
y	  52	 1	0171
z	  50	 0	0172
{	  38	 3	0173
|	  23	 3	0174
}	  38	 3	0175
~	  65	 2	0176
