# Font /usr/lib/vfont/script.18, max width 51, max height 48
name sc
# char	width	u/d	octal
charset
\|	  17	 0	00
\^	   8	 0	00
,	  26	 3	054
.	  26	 3	056
0	  36	 3	060
1	  24	 3	061
2	  42	 3	062
3	  42	 3	063
4	  36	 3	064
5	  40	 3	065
6	  34	 3	066
7	  38	 3	067
8	  38	 3	070
9	  34	 3	071
:	  18	 3	072
;	  26	 3	073
A	  84	 3	0101
B	  68	 3	0102
C	  58	 3	0103
D	  78	 3	0104
E	  58	 3	0105
F	  64	 3	0106
G	  62	 3	0107
H	  92	 3	0110
I	  62	 3	0111
J	  52	 3	0112
K	 102	 3	0113
L	  78	 3	0114
M	  86	 3	0115
N	  62	 3	0116
O	  70	 3	0117
P	  70	 3	0120
Q	  70	 3	0121
R	  68	 3	0122
S	  74	 3	0123
T	  68	 3	0124
U	  62	 3	0125
V	  62	 3	0126
W	  88	 3	0127
X	  68	 3	0130
Y	  64	 3	0131
Z	  80	 3	0132
a	  30	 3	0141
b	  28	 3	0142
c	  26	 3	0143
d	  36	 3	0144
e	  22	 3	0145
f	  34	 3	0146
g	  34	 3	0147
h	  34	 3	0150
i	  16	 3	0151
j	  28	 3	0152
k	  30	 3	0153
l	  24	 3	0154
m	  46	 3	0155
n	  30	 3	0156
o	  24	 3	0157
p	  36	 3	0160
q	  30	 3	0161
r	  22	 3	0162
s	  20	 3	0163
t	  22	 3	0164
u	  30	 3	0165
v	  26	 3	0166
w	  40	 3	0167
x	  28	 3	0170
y	  30	 3	0171
z	  24	 3	0172
