# Font /usr/lib/vfont/shadow.16, max width 38, max height 40
name sh
# char	width	u/d	octal
charset
\|	  17	 0	00
\^	   8	 0	00
<>	  86	 3	027
<-	  74	 2	030
->	  83	 2	031
!	  38	 3	041
"	  59	 3	042
#	  56	 3	043
'	  29	 3	047
+	  59	 3	053
,	  29	 3	054
.	  29	 3	056
0	  54	 3	060
1	  59	 3	061
2	  54	 3	062
3	  56	 3	063
4	  65	 3	064
5	  54	 3	065
6	  56	 3	066
7	  63	 3	067
8	  56	 3	070
9	  56	 3	071
:	  29	 3	072
;	  29	 3	073
A	  65	 3	0101
B	  65	 3	0102
C	  63	 3	0103
D	  65	 3	0104
E	  65	 3	0105
F	  65	 3	0106
G	  65	 3	0107
H	  65	 3	0110
I	  38	 3	0111
J	  61	 3	0112
K	  65	 3	0113
L	  65	 3	0114
M	  79	 3	0115
N	  70	 3	0116
O	  68	 3	0117
P	  65	 3	0120
Q	  68	 3	0121
R	  65	 3	0122
S	  63	 3	0123
T	  63	 3	0124
U	  65	 3	0125
V	  68	 3	0126
W	  77	 3	0127
X	  68	 3	0130
Y	  68	 3	0131
Z	  65	 3	0132
[	  45	 3	0133
]	  45	 3	0135
`	  29	 3	0140
