# Font /usr/lib/vfont/times.i.36, max width 91, max height 89
name ti
# char	width	u/d	octal
charset
\|	  17	 0	00
\^	   8	 0	00
em	  89	 0	06
dg	  50	 2	014
!	  33	 2	041
$	  50	 2	044
%	  83	 2	045
&	  78	 2	046
'	  33	 2	047
(	  33	 3	050
)	  33	 3	051
*	  50	 2	052
,	  33	 0	054
-	  33	 0	055
hy	"
.	  33	 0	056
/	  28	 2	057
0	  50	 2	060
1	  50	 2	061
2	  50	 2	062
3	  50	 2	063
4	  50	 2	064
5	  50	 2	065
6	  50	 2	066
7	  50	 2	067
8	  50	 2	070
9	  50	 2	071
:	  33	 0	072
;	  33	 0	073
?	  50	 2	077
A	  61	 2	0101
B	  61	 2	0102
C	  67	 2	0103
D	  72	 2	0104
E	  61	 2	0105
F	  61	 2	0106
G	  72	 2	0107
H	  72	 2	0110
I	  33	 2	0111
J	  44	 2	0112
K	  67	 2	0113
L	  56	 2	0114
M	  83	 2	0115
N	  67	 2	0116
O	  72	 2	0117
P	  61	 2	0120
Q	  72	 3	0121
R	  61	 2	0122
S	  50	 2	0123
T	  56	 2	0124
U	  72	 2	0125
V	  61	 2	0126
W	  83	 2	0127
X	  61	 2	0130
Y	  56	 2	0131
Z	  56	 2	0132
[	  39	 3	0133
]	  39	 3	0135
`	  33	 2	0140
a	  50	 0	0141
b	  50	 2	0142
c	  44	 0	0143
d	  50	 2	0144
e	  44	 0	0145
f	  28	 3	0146
g	  50	 1	0147
h	  50	 2	0150
i	  28	 2	0151
j	  28	 3	0152
k	  44	 2	0153
l	  28	 2	0154
m	  72	 0	0155
n	  50	 0	0156
o	  50	 0	0157
p	  50	 1	0160
q	  50	 1	0161
r	  39	 0	0162
s	  39	 0	0163
t	  28	 2	0164
u	  50	 0	0165
v	  44	 0	0166
w	  67	 0	0167
x	  44	 0	0170
y	  44	 1	0171
z	  39	 0	0172
