# Font /usr/lib/vfont/gacham.b.10, max width 17, max height 25
name gb
spacewidth 61
# char	width	u/d	octal
charset
\|	  61	 0	00
\^	   0	 0	00
O+	  61	 3	021
co	  61	 3	022
rg	  61	 3	023
ct	  61	 3	024
fm	  61	 3	025
dg	  61	 3	026
de	  61	 3	027
34	  61	 3	030
12	  61	 3	031
14	  61	 3	032
sq	  61	 3	035
!	  61	 3	041
"	  61	 3	042
#	  61	 3	043
$	  61	 3	044
%	  61	 3	045
&	  61	 3	046
'	  61	 3	047
(	  61	 3	050
)	  61	 3	051
*	  61	 3	052
+	  61	 3	053
,	  61	 3	054
-	  61	 3	055
hy	"
.	  61	 3	056
/	  61	 3	057
0	  61	 3	060
1	  61	 3	061
2	  61	 3	062
3	  61	 3	063
4	  61	 3	064
5	  61	 3	065
6	  61	 3	066
7	  61	 3	067
8	  61	 3	070
9	  61	 3	071
:	  61	 3	072
;	  61	 3	073
<	  61	 3	074
=	  61	 3	075
>	  61	 3	076
?	  61	 3	077
@	  61	 3	0100
A	  61	 3	0101
B	  61	 3	0102
C	  61	 3	0103
D	  61	 3	0104
E	  61	 3	0105
F	  61	 3	0106
G	  61	 3	0107
H	  61	 3	0110
I	  61	 3	0111
J	  61	 3	0112
K	  61	 3	0113
L	  61	 3	0114
M	  61	 3	0115
N	  61	 3	0116
O	  61	 3	0117
P	  61	 3	0120
Q	  61	 3	0121
R	  61	 3	0122
S	  61	 3	0123
T	  61	 3	0124
U	  61	 3	0125
V	  61	 3	0126
W	  61	 3	0127
X	  61	 3	0130
Y	  61	 3	0131
Z	  61	 3	0132
[	  58	 3	0133
\	  58	 3	0134
]	  58	 3	0135
^	  61	 3	0136
_	  61	 3	0137
\_	"
ru	"
ul	"
`	  58	 3	0140
a	  61	 3	0141
b	  61	 3	0142
c	  61	 3	0143
d	  61	 3	0144
e	  61	 3	0145
f	  61	 3	0146
g	  61	 3	0147
h	  61	 3	0150
i	  61	 3	0151
j	  61	 3	0152
k	  61	 3	0153
l	  61	 3	0154
m	  61	 3	0155
n	  61	 3	0156
o	  61	 3	0157
p	  61	 3	0160
q	  61	 3	0161
r	  61	 3	0162
s	  61	 3	0163
t	  61	 3	0164
u	  61	 3	0165
v	  61	 3	0166
w	  61	 3	0167
x	  61	 3	0170
y	  61	 3	0171
z	  61	 3	0172
{	  61	 3	0173
|	  61	 3	0174
bv	"
}	  61	 3	0175
~	  61	 3	0176
