# Font /usr/lib/vfont/meteor.b.12, max width 37, max height 35
name mb
# char	width	u/d	octal
charset
\|	  17	 0	01
\^	   8	 0	01
??	  30	 3	00
ul	 111	 3	030
!	  33	 3	041
"	  57	 3	042
#	  75	 3	043
$	  69	 3	044
%	  81	 3	045
&	  84	 3	046
'	  33	 3	047
(	  51	 3	050
)	  51	 3	051
*	  54	 3	052
+	  60	 3	053
,	  30	 3	054
-	  54	 3	055
hy	"
.	  30	 3	056
/	  57	 3	057
0	  69	 3	060
1	  69	 3	061
2	  69	 3	062
3	  69	 3	063
4	  69	 3	064
5	  69	 3	065
6	  69	 3	066
7	  69	 3	067
8	  69	 3	070
9	  69	 3	071
:	  30	 3	072
;	  30	 3	073
<	  60	 3	074
=	  54	 3	075
>	  60	 3	076
?	  57	 3	077
@	  72	 3	0100
A	  72	 3	0101
B	  66	 3	0102
C	  66	 3	0103
D	  69	 3	0104
E	  66	 3	0105
F	  66	 3	0106
G	  75	 3	0107
H	  78	 3	0110
I	  39	 3	0111
J	  60	 3	0112
K	  81	 3	0113
L	  63	 3	0114
M	 105	 3	0115
N	  81	 3	0116
O	  72	 3	0117
P	  66	 3	0120
Q	  72	 3	0121
R	  72	 3	0122
S	  60	 3	0123
T	  69	 3	0124
U	  78	 3	0125
V	  81	 3	0126
W	 111	 3	0127
X	  87	 3	0130
Y	  78	 3	0131
Z	  63	 3	0132
[	  54	 3	0133
\	  63	 3	0134
]	  54	 3	0135
^	  48	 3	0136
_	  63	 3	0137
\_	"
a	  54	 3	0141
b	  63	 3	0142
c	  54	 3	0143
d	  63	 3	0144
e	  54	 3	0145
f	  51	 3	0146
g	  63	 3	0147
h	  72	 3	0150
i	  39	 3	0151
j	  42	 3	0152
k	  72	 3	0153
l	  39	 3	0154
m	  99	 3	0155
n	  72	 3	0156
o	  57	 3	0157
p	  63	 3	0160
q	  63	 3	0161
r	  54	 3	0162
s	  48	 3	0163
t	  48	 3	0164
u	  72	 3	0165
v	  72	 3	0166
w	 102	 3	0167
x	  75	 3	0170
y	  75	 3	0171
z	  54	 3	0172
{	  60	 3	0173
|	  33	 3	0174
}	  60	 3	0175
~	  72	 3	0176
