# Font /usr/lib/vfont/mona.24, max width 62, max height 66
name mn
# char	width	u/d	octal
charset
\|	  17	 0	00
\^	   8	 0	00
!	  24	 3	041
"	  41	 3	042
#	  41	 3	043
$	  39	 3	044
ct	  39	 3	045
&	  54	 3	046
'	  24	 3	047
(	  33	 3	050
)	  33	 3	051
,	  26	 3	054
-	  35	 3	055
hy	"
\-	"
.	  24	 3	056
0	  39	 3	060
1	  26	 3	061
2	  39	 3	062
3	  39	 3	063
4	  45	 3	064
5	  39	 3	065
6	  39	 3	066
7	  39	 3	067
8	  39	 3	070
9	  39	 3	071
:	  24	 3	072
;	  26	 3	073
?	  45	 3	077
A	  68	 3	0101
B	  72	 3	0102
C	  68	 3	0103
D	  72	 3	0104
E	  68	 3	0105
F	  63	 3	0106
G	  72	 3	0107
H	  66	 3	0110
I	  36	 3	0111
J	  44	 3	0112
K	  72	 3	0113
L	  68	 3	0114
M	  93	 3	0115
N	  71	 3	0116
O	  68	 3	0117
P	  68	 3	0120
Q	  72	 3	0121
R	  72	 3	0122
S	  69	 3	0123
T	  68	 3	0124
U	  66	 3	0125
V	  63	 3	0126
W	  83	 3	0127
X	  65	 3	0130
Y	  63	 3	0131
Z	  69	 3	0132
a	  39	 3	0141
b	  39	 3	0142
c	  39	 3	0143
d	  39	 3	0144
e	  39	 3	0145
f	  39	 3	0146
g	  36	 3	0147
h	  39	 3	0150
i	  26	 3	0151
j	  38	 3	0152
k	  39	 3	0153
l	  20	 3	0154
m	  54	 3	0155
n	  39	 3	0156
o	  39	 3	0157
p	  39	 3	0160
q	  39	 3	0161
r	  39	 3	0162
s	  39	 3	0163
t	  38	 3	0164
u	  41	 3	0165
v	  41	 3	0166
w	  48	 3	0167
x	  39	 3	0170
y	  36	 3	0171
z	  39	 3	0172
